       Depth     size            Accuracy        Dataset Time       Training Time          Total Time
0        77       0.3             0.87198   4.407422898337245   176.4949764981866  181.11941531393677
1        88       0.3  0.8796066666666666   8.538853947073221   434.6959288865328   443.6826542504132
2        79       0.3  0.8884688888888889   12.75125066190958   653.0899909883738   666.5286281313747
3        89       0.3  0.9003766666666667  16.933203640393913   999.5769867449999  1017.4430589731783
4        91       0.3  0.9059746666666667   21.17758644744754  1335.2254453804344  1357.6063737738878
5       107       0.3             0.90446  25.380086299963295  1683.9578685415909  1710.8008675258607
6       130       0.3   0.905644761904762   29.68203515931964   2041.562863423489   2072.974674061872
7       138       0.3  0.9156983333333333   34.31012764852494  2536.2492224965245  2572.5699890339747
8       101       0.3  0.9156688888888889   38.11836546566337   2682.304165367037  2722.8645490938798
