   Depth Test size Max Features  Samples            Accuracy        Dataset Time       Training Time          Total Time
0      1      0.25            1  5000000  0.5000891976451821  325.78797454060987  3.1047785957343876  330.61257088463753
1      1      0.25           31  5000000  0.5750808178664083  162.86043422715738  23.693358500953764  188.26220436301082
2      1      0.25           61  5000000  0.5887876560058815  160.08017849409953  44.341070818249136  206.11250439612195
3      1      0.25           91  5000000  0.5750808178664083  162.03795293392614    65.4551635500975   229.1996688991785
4      1      0.25          121  5000000  0.5722792918266958    159.977138615679   85.84704854898155  247.49874484864995
5      1      0.25          151  5000000  0.5750808178664083  162.39835362229496  106.78482316993177   270.8853605641052
6      1      0.25          181  5000000  0.6591577982341266  160.98760796291754  126.69935815082863   289.3699719379656
7     31      0.25            1  5000000  0.5925883556674104  161.24592037312686   25.43380373204127  188.82510113110766
8     31      0.25           31  5000000     0.8843262537869  162.47887728363276   367.5137777472846   532.2842299668118
9     31      0.25           61  5000000  0.9031577566352248  159.85121962381527   727.5671181380749   889.6954449717887
10    31      0.25           91  5000000  0.9107047573944048   160.9620521380566   1101.541553713847  1264.7320869779214
11    31      0.25          121  5000000  0.9135518822303091  160.13776479940861  1472.2083286000416  1634.5829005432315
12    31      0.25          151  5000000  0.9143166620401222  160.75732617778704   1816.898699937854  1979.8888107398525
13    31      0.25          181  5000000  0.9159110199490733  160.84994039405137  2220.5732259489596  2383.6781324651092
14    61      0.25            1  5000000  0.5902884163858074  161.17514806287363  32.448638011701405   196.4131316859275
15    61      0.25           31  5000000  0.8806735502182742  161.84841434238479  430.40685344999656   594.6539999451488
16    61      0.25           61  5000000  0.9000970374382117  162.24459417071193   911.6112841400318   1076.277064519003
17    61      0.25           91  5000000  0.9074200441108354   161.2965789628215  1412.5932992459275   1576.299613383133
18    61      0.25          121  5000000  0.9085152151983188  160.14010918373242  1902.9799818480387  2065.5137232439592
19    61      0.25          151  5000000  0.9106279594218712  161.58594011096284  2420.9039001809433   2584.914209515322