   Depth Test size Max Features  Samples            Accuracy        Dataset Time       Training Time          Total Time
0      1      0.25            1  5000000  0.4998716033896705  302.61673189373687  3.0892782448790967  307.40445341868326
1      1      0.25           31  5000000  0.5740800442868308  160.78491905378178  23.823297038208693   186.2813416980207
2      1      0.25           61  5000000  0.5712385193030904  160.11830142932013   44.38603829778731  206.16148720309138
3      1      0.25           91  5000000  0.6591577982341266  160.77113123470917   65.64240950578824  228.14380123792216
4      1      0.25          121  5000000  0.6591577982341266  161.94953269092366   86.35934027982876  250.02854664810002
5      1      0.25          151  5000000  0.6591577982341266  160.98726301500574  105.96438545780256    268.634144671727
6      1      0.25          181  5000000  0.6591577982341266   159.9902448086068  126.29824097268283   287.9840254159644
7     31      0.25            1  5000000  0.6048416321809105  162.42921323422343  26.368597618769854  190.91556532215327
8     31      0.25           31  5000000  0.8816335248749433  161.17280084406957  375.89377043396235   539.3692268240266
9     31      0.25           61  5000000  0.9036353440269177  162.08786762785167   727.3672105101869   891.7320448691025
10    31      0.25           91  5000000  0.9088368067083029   160.8057542173192  1083.0059863450006  1246.0645677880384
11    31      0.25          121  5000000  0.9144006598225807  162.28463008487597  1471.3017624267377  1635.8444894528948
12    31      0.25          151  5000000  0.9133870865809143   160.9383937139064   1819.941351401154  1983.1124867722392
13    31      0.25          181  5000000   0.915219038217391   160.9231379958801  2182.5534477769397   2345.724388054572
14    61      0.25            1  5000000  0.5782175350570745  160.23439100570977  36.580384286120534  199.50545904180035
15    61      0.25           31  5000000  0.8792783870505818  162.24668231792748    447.344080847688   612.0073511512019
16    61      0.25           61  5000000  0.9029553619784437   160.7278169360943   925.1351591348648  1088.2591493539512
17    61      0.25           91  5000000  0.9050137076381184   161.3505561980419   1402.730418017134  1566.5013291006908
18    61      0.25          121  5000000  0.9084656165077242  160.07783110486344  1910.8058301252313   2073.333795995917
19    61      0.25          151  5000000  0.9109831500448388  160.96130109997466   2446.298203781713   2609.741588759236