    Depth     size  MaxFeatures Samples            Accuracy        Dataset Time       Training Time          Total Time
0    128      0.25            1  5000000  0.5715481111298661   286.9679295560345   42.10717405285686   331.9964013895951
1     69      0.25           16  5000000   0.836043528450849  162.93308959295973  208.71989678498358   374.0641612838954
2    102      0.25           31  5000000  0.8827518953499628   161.4716930021532   436.9197485917248   600.8358115223236
3     89      0.25           46  5000000  0.8922180454436003  161.84287051623687   670.4418051079847   834.8804258331656
4    123      0.25           61  5000000  0.8993266577762347  162.58632373297587   953.2484194501303  1118.3465337669477
5    110      0.25           76  5000000  0.9034857479762535  162.21333204209805  1183.7382226088084  1348.4033350152895
6     94      0.25           91  5000000  0.9067312622946754  160.39937011804432  1454.1230009221472  1616.9587839180604
7     98      0.25          106  5000000  0.9074856423790412   162.2528449059464  1697.7956728818826  1862.5041199070401
8    123      0.25          121  5000000  0.9086704111011469  162.28765169577673  2076.2195340227336  2240.9984191916883
9    134      0.25          136  5000000  0.9098791791896694  160.81262388685718  2395.4928617039695  2558.9416353316046
10   122      0.25          151  5000000  0.9095239885667018  160.95087543688715  2586.3050036253408   2749.703934578225
11   115      0.25          166  5000000  0.9109783501715555  161.52131584007293  2862.8937383131124  3026.9193827230483
12   118      0.25          181  5000000  0.9101263726637617  258.63680286798626   2701.895376350032   2962.760013477062
13   112      0.25          196  5000000  0.9111751449761726  265.07196081406437   2924.742658284027   3192.039152633981
