   Depth Test size Max Features  Samples            Accuracy        Dataset Time       Training Time          Total Time
0    106      0.25            1  5000000  0.5793167060389606  300.42146413680166   32.78422216232866   336.0970541681163
1     68      0.25           16  5000000  0.8376186868666667  162.13753331964836  233.58263846300542  398.13889282383025
2     86      0.25           31  5000000  0.8773920368502272   160.6212041634135   432.9666209560819   595.9993326393887
3    104      0.25           46  5000000   0.891435666098415  163.29573005996644   659.4213128709234      825.1463275766
4    113      0.25           61  5000000   0.899436254882871  162.38889895612374   941.4648769428022  1106.3363841250539
5    107      0.25           76  5000000  0.9043401254206889   161.9902111981064  1194.9197200690396   1359.390692744404
6    109      0.25           91  5000000   0.906211276022313  162.40834817057475  1478.4164892160334  1643.2841910906136
7    127      0.25          106  5000000  0.9069696560010816   160.3291614120826  1786.9207527092658  1949.7008733297698
8    127      0.25          121  5000000  0.9068976579018314  160.09931409172714   2052.163562911097  2214.6904562949203
9    111      0.25          136  5000000  0.9106327592951546  162.32546362420544  2286.0600357917137  2450.8712805733085
10   128      0.25          151  5000000  0.9110631479328946  160.53508355794474    2647.38817772083   2810.389165650122
11   113      0.25          166  5000000   0.911221543751245  160.33382488088682   2920.044835175853   3082.862376116682
12   125      0.25          181  5000000   0.911868726665616   257.8636941149598  2710.3521128799766   2970.441045856918
13   112      0.25          196  5000000  0.9107935550501467   134.9995777308941   2897.736064780969   3034.909605369903
