   Depth Test size Max Features  Samples            Accuracy        Dataset Time       Training Time          Total Time
0     76      0.25            1   500000  0.5356650584424572  298.87235197098926   2.440028195735067   303.6978761199862
1     51      0.25           31   500000  0.8320452340058222  161.02617443399504    35.6149959648028  198.72303998097777
2     70      0.25           61   500000  0.8564181905597692  161.06556646572426   74.24304986791685  237.46644187392667
3     78      0.25           91   500000  0.8614492577395957  160.59284989070147  120.24704852839932   282.9808846297674
4     68      0.25          121   500000  0.8719921794064637  160.31672535277903  165.45242504170164   327.9068146450445
5     63      0.25          151   500000  0.8700890296496172   161.1300009218976   199.7890298855491  363.10153477080166
6     71      0.25          181   500000   0.869785837653886  161.38488169107586  254.31020229728892  417.89600347727537
7    105      0.25            1  1000000  0.5390305695929627  160.98825942492113  6.1460673892870545  169.69484701612964
8     74      0.25           31  1000000  0.8406722062537549   161.2758938758634   80.42009214311838  243.93008947884664
9     72      0.25           61  1000000  0.8623140349094784    162.241182371974  169.39147620089352   333.8628575769253
10    68      0.25           91  1000000  0.8593821123122349  161.75528720207512   272.4700471740216   436.4629268730059
11    90      0.25          121  1000000   0.874880903144157   160.9871932337992   403.3780444730073   566.6234626849182
12    74      0.25          151  1000000  0.8764800609263915  162.36563616711646  477.29314135201275   641.9479199917987
13    83      0.25          181  1000000  0.8787792002291139    161.466531611979   588.7145392480306    752.423269148916
14   116      0.25            1  1500000  0.5685457903911336  161.45255033904687   12.59122895821929  176.69592662900686
15    71      0.25           31  1500000  0.8524366956712343   160.3976611457765  128.63979940814897   291.2629509991966
16    86      0.25           61  1500000  0.8738545302404016  160.13437058683485   301.6233489573933    464.006358618848
17    81      0.25           91  1500000  0.8815927259520349  162.37603138992563  476.57475968729705   641.2815149449743
18    90      0.25          121  1500000   0.881127938222431  161.14331465493888   658.5349948760122   822.0251386286691
19    88      0.25          151  1500000   0.886474197081197  160.98747879313305   866.1787308072671   1029.487779923249
20    84      0.25          181  1500000  0.8784088100074158  161.19868070306256   973.5343995699659  1137.0216967882589
21   111      0.25            1  2000000  0.5420400901416202  160.92115363199264  16.764336085878313   180.4262347370386
22    81      0.25           31  2000000  0.8576325585004556   160.0354810091667    195.899384573102   358.1967748501338
23    91      0.25           61  2000000  0.8822063097534225  162.19609230803326  420.50976521801203    585.093558982946
24    95      0.25           91  2000000   0.889260523522179   162.2565295160748   650.1660316148773   814.8021745560691
25    95      0.25          121  2000000    0.89010850113557  161.06912147579715   943.4015943091363  1106.7983438950032
26    98      0.25          151  2000000  0.8938012036482237  160.57695220597088  1153.9130615587346  1316.8329991442151
27    99      0.25          181  2000000  0.8926636336800708  163.08012550789863  1416.0588293042965  1581.5307341162115
28   133      0.25            1  2500000  0.5624219520604656  162.16627554921433  25.339472703635693  190.32114202622324
29    78      0.25           31  2500000  0.8683234762602268  161.11051510786638  265.20882069319487   428.6276090461761
30    91      0.25           61  2500000  0.8878981594885895  160.21461474895477   578.8776473677717   741.4296255470254
31   119      0.25           91  2500000  0.8952915643027024  160.17185370391235   921.4654835802503   1083.970112925861
32    97      0.25          121  2500000  0.8970979166150014   160.8517515109852  1227.9361246931367   1391.185668211896
33   108      0.25          151  2500000  0.8920764491817416  162.52493932889774  1562.1965704406612  1727.1606036326848
