   Depth Test size Max Features  Samples            Accuracy        Dataset Time       Training Time          Total Time
0     80      0.25            1   500000   0.576835171551471   278.0368772461079   2.130117192864418  282.29918341711164
1     53      0.25           31   500000  0.8340395813550522  145.07043945975602   32.09940394386649  179.11049493169412
2     61      0.25           61   500000  0.8565453872017779  139.63454077439383  62.599490247201174  204.23219394031912
3     66      0.25           91   500000  0.8581229455542374  139.14342610677704      103.3031738922  244.38897637091577
4     62      0.25          121   500000  0.8589885227030006  138.09168602526188  144.04138166084886   284.1270204302855
5     65      0.25          151   500000   0.868668267157747   138.3982854289934   176.9957048757933  317.33851888310164
6     79      0.25          181   500000  0.8669835116352929  137.98907632380724   217.4278311356902  357.35519875911996
7    112      0.25            1  1000000  0.5355834605966403  138.13506866432726   6.456861093174666  146.93848070828244
8     61      0.25           31  1000000  0.8528086858506936  139.17374339606613   73.27957988390699  214.44095129193738
9     75      0.25           61  1000000  0.8660491363028016  138.43778865691274  157.25333472900093   297.6961944247596
10    85      0.25           91  1000000   0.873302544812817  138.25231172377244   243.5095511842519   383.8006652118638
11    74      0.25          121  1000000    0.86829947689381  137.73665763111785   334.4110948732123  474.16310235112906
12    79      0.25          151  1000000   0.874456114358581  138.16589387925342   424.3123549548909   564.5076005402952
13    83      0.25          181  1000000  0.8787832001235167  138.39639496803284   502.3707717740908   642.7948611117899
14   101      0.25            1  1500000  0.5557797274151962  138.96167036192492  10.505461149848998   151.8638070509769
15    72      0.25           31  1500000  0.8559990016263571  138.99474896211177  120.22615863615647   261.3086109729484
16    76      0.25           61  1500000  0.8680466835675538  139.23150216322392  254.47420675028116  395.76628819899634
17    95      0.25           91  1500000  0.8823535058674451  137.20097048720345    411.959842515178   551.2433042852208
18    77      0.25          121  1500000  0.8854910230369918  137.48293915903196   542.4680592040531   682.0248859161511
19   101      0.25          151  1500000  0.8845246485492783  137.70303476508707   703.3300430281088   843.1273300722241
20    88      0.25          181  1500000   0.887481370491819   137.9072873829864   874.1160790254362  1014.1081423638389
21   100      0.25            1  2000000  0.5413849074384436   138.8613922628574  13.030684901867062   154.3942901948467
22    84      0.25           31  2000000  0.8571733706230156   137.8459118711762  173.27986892685294   313.2130031459965
23   101      0.25           61  2000000  0.8825287012422872  137.47761415224522   362.5236405618489   502.0869900523685
24    99      0.25           91  2000000  0.8862982017274744  138.35070495819673   593.3974646097049   733.8630973412655
25    94      0.25          121  2000000  0.8914364660772955  139.13412682618946   785.0218624393456   926.2902135951445
26    90      0.25          151  2000000  0.8945443840282616   137.3839623411186  1033.0588488439098   1172.688101108186
27    92      0.25          181  2000000  0.8916684599526572  137.44630253873765   1199.465085716918  1339.0635241917334
28   129      0.25            1  2500000  0.5469615602148103   137.6599289146252  23.199540976900607  163.38240230688825
29    84      0.25           31  2500000  0.8641195872428968   139.2633447390981  213.42307545011863   354.7874918989837
30    95      0.25           61  2500000  0.8926740334055181   138.9215160398744   496.9575636610389    637.995945467148
31    97      0.25           91  2500000  0.8922588443665087  139.04696951294318    764.974609458819   906.2338074892759
32   127      0.25          121  2500000  0.8990474651469201  137.81907268660143   1104.796343561262  1244.7761237416416
33    94      0.25          151  2500000  0.8993506571426514  137.43208311498165  1313.3457104261033  1452.9701152336784
34   108      0.25          181  2500000  0.8874805705129385  139.68915676232427  1651.2660589949228  1793.1373607330024
