   Depth Test size Max Features  Samples            Accuracy        Dataset Time          Training Time          Total Time
0      1      0.25           20   500000  0.6587114100187755   285.0914312331006     12.778965063858777    299.584939327091
1     31      0.25           20   500000  0.8754080892264444  161.32837335485965     232.94808089593425  396.41022513993084
2     61      0.25           20   500000   0.868174680188443   161.0851941620931       275.760252316948  439.18510859739035
3     67      0.25           20   500000  0.8678610884672645  161.08418987691402      279.8346213120967  443.16830025659874
4     63      0.25           20   500000  0.8686450677702109  160.30594772705808     276.80182826705277  439.32469002204016
5     63      0.25           20   500000  0.8693810483403238   160.1447134129703     274.80159309040755   437.1347605586052
6     63      0.25           20   500000  0.8697914375060498  160.17313962383196     275.12939305370674  437.45250143297017
7      1      0.25           20  1000000  0.6591969971992739  161.00655491603538     27.218038842082024  189.91661132406443
8     31      0.25           20  1000000  0.8830566873034552  159.99431831017137      520.6763692931272   682.8004407850094
9     61      0.25           20  1000000  0.8798703714221945   160.4071711138822      640.2408412168734   802.8814704841934
10    83      0.25           20  1000000  0.8785000075997994   162.1882240739651      652.9298291490413   817.3975877403282
11    83      0.25           20  1000000  0.8767432539780949  160.38244882505387      650.0049253357574   812.6593719231896
12    83      0.25           20  1000000  0.8779152230381118  160.93598094396293      652.0193248209544   815.2239922708832
13    83      0.25           20  1000000  0.8768120521618229  161.26690967567265      652.3456780910492   815.8820679509081
14     1      0.25           20  1500000  0.6591513984030821   161.3482200410217      44.87432783795521  207.97113169915974
15    31      0.25           20  1500000  0.8907316846835244  162.22233563289046      848.7149681420997  1013.1387527668849
16    61      0.25           20  1500000  0.8801527639670312  161.04390509985387     1046.1587920160964  1209.5090271849185
17    91      0.25           20  1500000  0.8811039388560142  160.09342811070383     1097.8688351577148   1260.420889833942
18    96      0.25           20  1500000  0.8804007574200041  161.13743169233203     1077.2995683830231  1240.7714512501843
19    96      0.25           20  1500000  0.8823415061842368   162.4375398233533     1092.4179643308744  1257.2164062629454
20    96      0.25           20  1500000   0.884595846669648  160.23738977126777      1087.228755896911  1249.7953731063753
21     1      0.25           20  2000000  0.6591513984030821  161.69221660029143      64.76341075496748  228.19321601232514
22    31      0.25           20  2000000  0.8979426943128701  161.20879066595808      1168.666793661192  1332.0617578602396
23    61      0.25           20  2000000  0.8916908593613129  161.50713955285028     1513.1212596180849  1677.0141721009277
24    91      0.25           20  2000000  0.8917508577773546  161.08769589103758     1578.1710615623742  1741.6224119751714
82     1      0.25           20  2500000  0.6591513984030821  508.73672011098824      81.51273140800186   593.5597005130257
83    31      0.25           20  2500000  0.9018769904474522   451.1430594519479     1346.7837362319697  1802.2124658019748
84    61      0.25           20  2500000  0.8959795461399819    438.198338289978     1713.4919594970997   2156.491806213977
85    91      0.25           20  2500000  0.8940579968688827  367.36689614807256      1823.721232694923   2196.013496814063
86   121      0.25           20  2500000  0.8960251449361737  358.52735626208596     1859.3951301670168   2222.599070945056
87   122      0.25           20  2500000  0.8936868066683039   371.2876714480808     1871.2473807949573  2247.5580089860596
88   122      0.25           20  2500000  0.8937300055278541   395.4004324269481     1839.4480473570293  2239.7380215689773