   Depth Test size Max Features  Samples            Accuracy        Dataset Time       Training Time          Total Time
0      1      0.25           20   500000  0.6587114100187755  263.79571017296985  10.729196941945702  276.01349546795245
1     31      0.25           20   500000  0.8739953265233797  135.34119833097793  198.31745133106597   335.5397704069037
2     61      0.25           20   500000  0.8663387286575635  134.69732146000024  237.08832697605249    373.730538166943
3     63      0.25           20   500000  0.8695690433772548  135.22882802505046  233.54317274899222  370.70173429802526
4     63      0.25           20   500000  0.8687306655104305  134.83421668992378  233.22683547693305   369.9700295160292
5     67      0.25           20   500000  0.8658467416460205    135.438116676989  235.34277732402552  372.69955862499774
6     67      0.25           20   500000  0.8647563704318206  135.34456949995365  235.97502369002905   373.2733699999517
7      1      0.25           20  1000000  0.6591969971992739  135.82318635494448  23.341676542069763   160.6962230260251
8     31      0.25           20  1000000  0.8827030966382488  135.34289964893833   442.6113175749779   579.8946289999876
9     61      0.25           20  1000000  0.8788599980960503  135.67331884498708   545.6897064329823   683.3553571250523
10    83      0.25           20  1000000  0.8777688269029698  134.93039238092024   554.1082359669963    691.036563807982
11    83      0.25           20  1000000  0.8772192414120267   135.5210801359499   556.9251911380561   694.4398985479493
12    83      0.25           20  1000000   0.877730427916703  135.62699022493325    554.249034950044   691.9072724248981
13    83      0.25           20  1000000  0.8781544167233986  136.24512474308722   561.9642663740087   700.2596270510694
14     1      0.25           20  1500000  0.6591513984030821   136.5263034160016  42.102562139043584  180.15548787103035
15    31      0.25           20  1500000  0.8901540999317618  134.62384995201137   713.4053004949819   849.9671798910713
16    61      0.25           20  1500000   0.882679097271832  135.59879840700887   913.5179327860242   1051.175666020019
17    91      0.25           20  1500000   0.878453608824727  135.25915821292438   944.2876359069487  1081.6430838479428
18    96      0.25           20  1500000  0.8818103202075466  135.50644799601287   948.8027003390016  1086.3931106850505
19    96      0.25           20  1500000  0.8828766920553297  135.60059278807603   964.7613462649751   1102.454402047093
20    96      0.25           20  1500000  0.8810223410101974  134.65240176406223   952.7698230339447  1089.4662258049939
21     1      0.25           20  2000000  0.6591513984030821  136.15656855795532   56.00961022195406  193.69017412804533
22    31      0.25           20  2000000   0.898337083900985   135.7014283760218  1002.8600127130048   1140.561922057066
23    61      0.25           20  2000000  0.8913596681047621  135.40268775599543  1285.6692239600234  1423.1584873419488
24    91      0.25           20  2000000  0.8909804781153777  136.27902608003933    1392.67377295997  1531.1078912200173
25    90      0.25           20  2000000  0.8917636574394436  134.52292428689543   1328.150669549941  1464.7684816879919
26    95      0.25           20  2000000   0.892019650681222  134.66237547295168  1328.5445617249934  1465.293449886026
34     1      0.25           20  2500000  0.6591513984030821  162.44837205391377   86.96195777039975  251.12209767568856
35    31      0.25           20  2500000  0.9008618172480246  161.26157378638163  1523.2445996180177  1686.7064519952983
36    61      0.25           20  2500000  0.8948675754960069  159.98356434283778  1975.5879755020142  2137.9339188877493
37    91      0.25           20  2500000  0.8944011878086419  161.00814773933962   2101.382742804941   2264.833029298112
38   121      0.25           20  2500000  0.8953179636057608  161.93465193966404  2132.4578473786823  2296.8447476816364
39   122      0.25           20  2500000   0.893965199318738   161.1310776793398  2119.2181291817687  2282.7871741163544
