   Depth Test size Max Features  Samples            Accuracy        Dataset Time       Training Time          Total Time
0     67      0.25           20   500000  0.8633148084890558    294.926669012988  235.46871708601248   532.4938247379614
1     76      0.25           20   750000  0.8716529883611073  136.72258198796771   388.9907454169588   527.6929344830569
2     83      0.25           20  1000000  0.8768992498598037  134.64766098500695   553.8363516959362   690.4862661409425
3     87      0.25           20  1250000  0.8839062648746073  136.28797832794953   752.7899667350575   891.2357018329203
4     96      0.25           20  1500000  0.8822951074091644  134.68267916399054   933.1514700989937  1069.8723349979846
5    105      0.25           20  1750000  0.8859110119492846  136.33769863203634  1134.9503646139055   1273.373399569071
6     90      0.25           20  2000000  0.8921164481257695  135.93377939600032  1341.6043134490028   1479.654552920023
7    111      0.25           20  2250000  0.8937124059924818  135.60741261998191   1550.381591290934   1688.136469824938
8    122      0.25           20  2500000  0.8936684071540512  134.59987835399806  1803.6439399080118  1940.4032506209332
9    108      0.25           20  2750000  0.8996794484625605  134.90427654399537   1997.247114209924   2134.273784329067
10   101      0.25           20  3000000  0.9031905557693277  134.76942081400193  2229.7279632799327   2366.663438155083
11   117      0.25           20  3250000  0.9067376621257199   134.8068069849396   2495.797914060997   2632.805714790942
12   105      0.25           20  3500000  0.9083856186196685  134.51698143593967   2706.088625898934  2842.8892240999267
13   112      0.25           20  3750000  0.9110903472148335   285.5674461470917   3443.566454523243   3731.582370996941
14   112      0.25           20  4000000  0.9108983522834997    286.857332799118  3460.6370993698947  3749.9861418381333
15   112      0.25           20  4250000  0.9106871578590325  160.50262679625303  3504.6370998579077   3667.684121577069
16   112      0.25           20  4500000  0.9107895551557439  161.61561777675524   3463.991468472872   3628.080897660926
17   112      0.25           20  4750000   0.911033548714314  160.19918684102595   3466.532540305052  3629.1921926639043
