   Depth      size     Features  Samples            Accuracy        Dataset Time       Training Time          Total Time
0     55      0.25           20   250000  0.8570957726716014    290.619062284939  117.73268356500193  410.48690919578075
1     63      0.25           20   500000  0.8690866561122786  161.24853992601857  275.32602994609624    438.724658574909
2     76      0.25           20   750000  0.8708698090370415   160.4288648799993   456.7916799886152   619.4381234957837
3     83      0.25           20  1000000  0.8778376250866977  160.53581107920036   653.6410705070011   816.4610910061747
4     87      0.25           20  1250000  0.8847670421500873  161.51503886003047   877.1401487728581  1040.9341560071334
5     96      0.25           20  1500000  0.8787464010950111  162.84044935693964  1099.6294000791386   1264.806449291762
6    105      0.25           20  1750000  0.8866925913155893  160.27168983081356  1360.1360274706967   1522.737613026984
7     95      0.25           20  2000000  0.8914100667742372   160.0676292348653  1584.3194375750609  1746.7701493487693
8    111      0.25           20  2250000  0.8938004036693431  160.26600184570998  1824.6771704270504  1987.3460265258327
9    122      0.25           20  2500000  0.8944907854432643  160.34475956577808  2099.6195814600214   2262.334522305988
10   108      0.25           20  2750000  0.9003530306799901   162.0183759010397  2343.0471473080106  2507.4893574942835
11   101      0.25           20  3000000  0.9036041448505759  161.71102136513218  2619.0197552810423   2783.148350583855
12   117      0.25           20  3250000  0.9063328728121578  160.05913273477927   2925.519092638977    3088.01648064889
13   106      0.25           20  3500000  0.9085152151983188   284.5571173741482  3150.5879069608636   3437.569852337707
14   112      0.25           20  3750000  0.9109135518822303   161.2691161390394   3492.780018517282  3656.5422779358923
15   112      0.25           20  4000000  0.9108047547544745  160.87725585186854  3477.2716128807515   3640.636399707757
16   112      0.25           20  4250000  0.9110247489466278  162.63721972703934   3475.160650220234  3640.3234767392278
17   112      0.25           20  4500000  0.9107743555570132  162.46225516777486  3476.0125923999585  3641.0293530938216
