    Depth Test size Max_Features             Accuracy        Dataset Time       Training Time          Total Time
0       1      0.25            1  0.49976520619855636   335.4930302579887  2.7411684739927296  339.75477850198513
1       1      0.25           11   0.5101529319625961  138.21186654400663   8.606212951010093   148.3142732839915
2       1      0.25           21  0.49985800374870104  139.44066097197356   15.08662802100298  156.05555677600205
3       1      0.25           31   0.5722792918266958  137.74264889699407  21.084904279006878  160.32757869700436
4       1      0.25           41   0.5657154651117211   138.4892437089875   27.16519978301949   167.1911502009898
5       1      0.25           51   0.6591577982341266   138.1368655419792   33.25140986201586  172.89967330399668
6       1      0.25           61   0.6591577982341266  138.34947713802103  39.995332390011754  179.88173612800892
7       1      0.25           71   0.5887876560058815  137.70442122299573   45.53823231899878  184.76483767700847
8       1      0.25           81   0.5750808178664083  137.61263143701945  51.786366782995174  190.92747437302023
9       1      0.25           91   0.5750808178664083  139.34464172300068   58.54488802998094   199.4735448330175
10      1      0.25          101   0.6591577982341266  139.21416734199738   64.34255918301642  205.08903465399635
11      1      0.25          111   0.6591577982341266  138.64353145100176   70.15079189001699  210.34114604900242
12      1      0.25          121   0.6591577982341266  138.24895468499744   76.17408233098104   215.9360269640165
13      1      0.25          131   0.6591577982341266  137.98758701901534   82.16394250802114  221.66659477699432
14      1      0.25          141   0.6591577982341266  138.82008178599062   88.43015912000556  228.79737388397916
15      1      0.25          151   0.5750808178664083  138.44388825300848   94.67396174900932  234.63550944402232
16      1      0.25          161   0.5887876560058815  138.04366590900463  101.29577194197918   240.8984708309872
17      1      0.25          171   0.5750808178664083  138.48730299199815  106.86691453598905  246.87090792300296
18      1      0.25          181   0.5887876560058815  139.44687046000035   113.4526684450102   254.4642576960032
19      1      0.25          191   0.6591577982341266  138.29486600699602  119.11698041201453  258.92432811198523
20     11      0.25            1   0.5183287161218944  138.51449867599877  10.873110204993282  150.93373705499107
21     11      0.25           11   0.6721502552332619  139.31497091500205   74.87783136899816   215.7930429999833
22     11      0.25           21   0.7834873159348593  137.92134805300157  126.14225126901874   265.6544218469935
23     11      0.25           31   0.8008788567981805  137.78037177899387  183.32032720500138  322.71027629298624
24     11      0.25           41   0.8330452076065192  139.10388945098384  235.17872424601228   375.8987793919805
25     11      0.25           51   0.8434497329270507  139.31482703299844   288.0708228450094  429.01017749498715
26     11      0.25           61   0.8464112547428748  138.40077893799753   347.9202930050087  487.92453037400264
27     11      0.25           71   0.8489111887446171  137.62209207899286   405.0212920359918   544.2171934419894
28     11      0.25           81   0.8637059981616485  139.45671460501035   457.6974756779964    598.795604487008
29     11      0.25           91   0.8698826350984334  138.21731506599463   517.4413936260098   657.2908381010056
30     11      0.25          101   0.8582069433366959   137.7216165360005   576.8772308650077   716.1996099819953
31     11      0.25          111   0.8656467469258812   137.2855965079798   633.8110559160123   772.6681746729882
32     11      0.25          121   0.8750240993637768  138.51986641800613   673.3194366800017   813.4546705660177
33     11      0.25          131   0.8748345043690846   137.2762761200138   736.6197050060146   875.5254026630137
34     11      0.25          141   0.8726529619618042   139.1142425670114   796.2299631430069   936.9924482619972
35     11      0.25          151   0.8792407880431956  138.19185322299018   853.9131174309878   993.7100992539781
36     11      0.25          161   0.8762968657627439  138.30018723200192   897.7268122149981  1037.6649067160033
37     11      0.25          171   0.8771352436295682  138.04337781498907   970.0904072789999   1109.713207563007
38     11      0.25          181   0.8807159490989438   138.2293489590229  1010.9689450440055  1150.8602415260102
39     11      0.25          191   0.8781312173358623  137.68538061500294  1087.8009915620205  1227.0958276949823
40     21      0.25            1   0.5373338143873002   138.5570634320029   18.72088597199763   158.9269770370156
41     21      0.25           11   0.8024676148549679  139.46924365201266   112.7016549440159  254.04513420100557
42     21      0.25           21   0.8702058265661786       137.825538006  201.68869760999223  341.34009319299366
43     21      0.25           31   0.8873053751380964   138.4459003570082   271.2237623499823  411.51224608402117
44     21      0.25           41   0.9013226050832258  137.74044087401126   348.8109358919901   488.4162461369997
45     21      0.25           51   0.9084464170145908  137.62341617798666  438.34339746198384   577.8208887490036
46     21      0.25           61   0.9111031468769224   138.4014218870143   519.3378518460086   659.6136539430008
47      3      0.25            1   0.5622587563688318  258.51949260997935  4.3706087860045955  264.39558037999086
48      3      0.25           11   0.5783095326283386  137.04912424497888  21.996069647022523  160.56845501298085
49      3      0.25           21   0.6305521534231496  136.35434535398963   40.04830476001371   177.9383426019922
50      3      0.25           31   0.6638464744530744  135.84310123400064   58.00098935700953   195.3808004159946
51      3      0.25           41   0.6706366951912469  135.78731504897587    75.7474644400063  213.07175221198122
52      3      0.25           51   0.6184996716086695  134.54761988398968   94.38265798200155   230.4595649819821
53      3      0.25           61    0.644770178067299   135.2422769270197   111.2833767469856  248.04053132000263
54      3      0.25           71   0.6924337197497986  135.69501802299055    129.538983669976  266.75316936697345
55      3      0.25           81   0.6850123156748662  135.27868944598595  147.84697985299863   284.6491663350025
56      3      0.25           91   0.7066141453865618   135.5213934800122   164.9761852619995  302.03377365801134
57      3      0.25          101   0.7017638734337414   135.7559152749891  182.80645696099964   320.1015488799894
58      3      0.25          111   0.6938392826429383  135.62330310899415  202.80464923000545   339.9710661979916
59      3      0.25          121   0.6870858609332714  135.62837597398902   219.1512571159983   356.3205581419752
60      3      0.25          131   0.6990167459579067  135.35956130898558    236.589567263989  373.46129784200457
61      3      0.25          141   0.6870858609332714  135.57899814200937  255.26444682700094   392.3884017030068
62      3      0.25          151   0.6967088068874981  136.02698698299355   271.1115745159914   408.6815739439917
63      3      0.25          161   0.7017638734337414   135.2657056080061   288.5342306930106   425.3279333800019
64      3      0.25          171   0.7017638734337414  136.53849582601106  308.65180338401115   446.7542400730017
65      3      0.25          181   0.7017638734337414   136.3168757269741   326.8987013369915   464.7513649149914
66      3      0.25          191   0.7017638734337414   134.7448695450148  342.48979629101814   478.7656335700012
67     13      0.25            1   0.5804486761549495  136.48345813699416  12.310252480005147  150.41777194701717
68     13      0.25           11   0.7161218943819884  136.23430047900183   84.43449914400117  222.29658200699487
69     13      0.25           21   0.8126065471871543  136.30087741700117   140.6586392300087   278.6022546610038
70     13      0.25           31   0.8463856554186969  134.82185100900824  201.11607487002038   337.5682821950177
71     13      0.25           41   0.8531686763469445  135.33382396498928   263.7389279540221  400.70030398698873
72     13      0.25           51   0.8765160599760167  136.29768515599426  321.24102251199656  459.20345224099583
73     13      0.25           61   0.8813031335972731  135.58648742499645  383.28931665598066   520.4881477390009
74     13      0.25           71   0.8795831790040743  136.16690845999983  451.71933997402084   589.5269601950131
75     13      0.25           81   0.8831718842622555   135.4551797489985  504.48685781800305   641.5578905470029
76     13      0.25           91   0.8876957648318085  136.27507997801877   574.1207672120072   712.0706985510187
77     13      0.25          101   0.8916476605017628  136.04063076199964   630.4567132929806   768.1358612620097
78     13      0.25          111    0.895856349392376  136.24753714702092   697.1665267949866   835.0792992620263
79     13      0.25          121    0.901325804998748  136.10272947500926   747.0027245840174   884.7548826909915
80     13      0.25          131   0.8940091981571686  136.44652820000192   823.6922097000061   961.7790656620055
81     13      0.25          141   0.8993426573538459  134.87926023401087    865.872483745974  1002.3658759190002
82     13      0.25          151   0.9056776901089811   135.5922572419804    932.658307656995  1069.8711447780079
83     13      0.25          161   0.9028201655476296  135.66106636999757    998.464886404021   1135.760812952998
84     13      0.25          171   0.9045921187680646  135.62481143398327  1053.6733019749809  1190.9419780460012
85     13      0.25          181   0.9026921689267403  136.53237822899246  1118.0785048660182   1256.254101648985
86     13      0.25          191   0.9055408937204058   135.3916499800107  1180.7912749600073  1317.8657756410248
87     23      0.25            1   0.5455655970682374  135.02935376597452   20.19114942001761   156.8578078369901
88      1      0.25            1  0.49976520619855636   335.4930302579887  2.7411684739927296  339.75477850198513
89      1      0.25           11   0.5101529319625961  138.21186654400663   8.606212951010093   148.3142732839915
90      1      0.25           21  0.49985800374870104  139.44066097197356   15.08662802100298  156.05555677600205
91      1      0.25           31   0.5722792918266958  137.74264889699407  21.084904279006878  160.32757869700436
92      1      0.25           41   0.5657154651117211   138.4892437089875   27.16519978301949   167.1911502009898
93      1      0.25           51   0.6591577982341266   138.1368655419792   33.25140986201586  172.89967330399668
94      1      0.25           61   0.6591577982341266  138.34947713802103  39.995332390011754  179.88173612800892
95      1      0.25           71   0.5887876560058815  137.70442122299573   45.53823231899878  184.76483767700847
96      1      0.25           81   0.5750808178664083  137.61263143701945  51.786366782995174  190.92747437302023
97      1      0.25           91   0.5750808178664083  139.34464172300068   58.54488802998094   199.4735448330175
98      1      0.25          101   0.6591577982341266  139.21416734199738   64.34255918301642  205.08903465399635
99      1      0.25          111   0.6591577982341266  138.64353145100176   70.15079189001699  210.34114604900242
100     1      0.25          121   0.6591577982341266  138.24895468499744   76.17408233098104   215.9360269640165
101     1      0.25          131   0.6591577982341266  137.98758701901534   82.16394250802114  221.66659477699432
102     1      0.25          141   0.6591577982341266  138.82008178599062   88.43015912000556  228.79737388397916
103     1      0.25          151   0.5750808178664083  138.44388825300848   94.67396174900932  234.63550944402232
104     1      0.25          161   0.5887876560058815  138.04366590900463  101.29577194197918   240.8984708309872
105     1      0.25          171   0.5750808178664083  138.48730299199815  106.86691453598905  246.87090792300296
106     1      0.25          181   0.5887876560058815  139.44687046000035   113.4526684450102   254.4642576960032
107     1      0.25          191   0.6591577982341266  138.29486600699602  119.11698041201453  258.92432811198523
108    11      0.25            1   0.5183287161218944  138.51449867599877  10.873110204993282  150.93373705499107
109    11      0.25           11   0.6721502552332619  139.31497091500205   74.87783136899816   215.7930429999833
110    11      0.25           21   0.7834873159348593  137.92134805300157  126.14225126901874   265.6544218469935
111    11      0.25           31   0.8008788567981805  137.78037177899387  183.32032720500138  322.71027629298624
112    11      0.25           41   0.8330452076065192  139.10388945098384  235.17872424601228   375.8987793919805
113    11      0.25           51   0.8434497329270507  139.31482703299844   288.0708228450094  429.01017749498715
114    11      0.25           61   0.8464112547428748  138.40077893799753   347.9202930050087  487.92453037400264
115    11      0.25           71   0.8489111887446171  137.62209207899286   405.0212920359918   544.2171934419894
116    11      0.25           81   0.8637059981616485  139.45671460501035   457.6974756779964    598.795604487008
117    11      0.25           91   0.8698826350984334  138.21731506599463   517.4413936260098   657.2908381010056
118    11      0.25          101   0.8582069433366959   137.7216165360005   576.8772308650077   716.1996099819953
119    11      0.25          111   0.8656467469258812   137.2855965079798   633.8110559160123   772.6681746729882
120    11      0.25          121   0.8750240993637768  138.51986641800613   673.3194366800017   813.4546705660177
121    11      0.25          131   0.8748345043690846   137.2762761200138   736.6197050060146   875.5254026630137
122    11      0.25          141   0.8726529619618042   139.1142425670114   796.2299631430069   936.9924482619972
123    11      0.25          151   0.8792407880431956  138.19185322299018   853.9131174309878   993.7100992539781
124    11      0.25          161   0.8762968657627439  138.30018723200192   897.7268122149981  1037.6649067160033
125    11      0.25          171   0.8771352436295682  138.04337781498907   970.0904072789999   1109.713207563007
126    11      0.25          181   0.8807159490989438   138.2293489590229  1010.9689450440055  1150.8602415260102
127    11      0.25          191   0.8781312173358623  137.68538061500294  1087.8009915620205  1227.0958276949823
128    21      0.25            1   0.5373338143873002   138.5570634320029   18.72088597199763   158.9269770370156
129    21      0.25           11   0.8024676148549679  139.46924365201266   112.7016549440159  254.04513420100557
130    21      0.25           21   0.8702058265661786       137.825538006  201.68869760999223  341.34009319299366
131    21      0.25           31   0.8873053751380964   138.4459003570082   271.2237623499823  411.51224608402117
132    21      0.25           41   0.9013226050832258  137.74044087401126   348.8109358919901   488.4162461369997
133    21      0.25           51   0.9084464170145908  137.62341617798666  438.34339746198384   577.8208887490036
134    21      0.25           61   0.9111031468769224   138.4014218870143   519.3378518460086   659.6136539430008
135     3      0.25            1   0.5622587563688318  258.51949260997935  4.3706087860045955  264.39558037999086
136     3      0.25           11   0.5783095326283386  137.04912424497888  21.996069647022523  160.56845501298085
137     3      0.25           21   0.6305521534231496  136.35434535398963   40.04830476001371   177.9383426019922
138     3      0.25           31   0.6638464744530744  135.84310123400064   58.00098935700953   195.3808004159946
139     3      0.25           41   0.6706366951912469  135.78731504897587    75.7474644400063  213.07175221198122
140     3      0.25           51   0.6184996716086695  134.54761988398968   94.38265798200155   230.4595649819821
141     3      0.25           61    0.644770178067299   135.2422769270197   111.2833767469856  248.04053132000263
142     3      0.25           71   0.6924337197497986  135.69501802299055    129.538983669976  266.75316936697345
143     3      0.25           81   0.6850123156748662  135.27868944598595  147.84697985299863   284.6491663350025
144     3      0.25           91   0.7066141453865618   135.5213934800122   164.9761852619995  302.03377365801134
145     3      0.25          101   0.7017638734337414   135.7559152749891  182.80645696099964   320.1015488799894
146     3      0.25          111   0.6938392826429383  135.62330310899415  202.80464923000545   339.9710661979916
147     3      0.25          121   0.6870858609332714  135.62837597398902   219.1512571159983   356.3205581419752
148     3      0.25          131   0.6990167459579067  135.35956130898558    236.589567263989  373.46129784200457
149     3      0.25          141   0.6870858609332714  135.57899814200937  255.26444682700094   392.3884017030068
150     3      0.25          151   0.6967088068874981  136.02698698299355   271.1115745159914   408.6815739439917
151     3      0.25          161   0.7017638734337414   135.2657056080061   288.5342306930106   425.3279333800019
152     3      0.25          171   0.7017638734337414  136.53849582601106  308.65180338401115   446.7542400730017
153     3      0.25          181   0.7017638734337414   136.3168757269741   326.8987013369915   464.7513649149914
154     3      0.25          191   0.7017638734337414   134.7448695450148  342.48979629101814   478.7656335700012
155    13      0.25            1   0.5804486761549495  136.48345813699416  12.310252480005147  150.41777194701717
156    13      0.25           11   0.7161218943819884  136.23430047900183   84.43449914400117  222.29658200699487
157    13      0.25           21   0.8126065471871543  136.30087741700117   140.6586392300087   278.6022546610038
158    13      0.25           31   0.8463856554186969  134.82185100900824  201.11607487002038   337.5682821950177
159    13      0.25           41   0.8531686763469445  135.33382396498928   263.7389279540221  400.70030398698873
160    13      0.25           51   0.8765160599760167  136.29768515599426  321.24102251199656  459.20345224099583
161    13      0.25           61   0.8813031335972731  135.58648742499645  383.28931665598066   520.4881477390009
162    13      0.25           71   0.8795831790040743  136.16690845999983  451.71933997402084   589.5269601950131
163    13      0.25           81   0.8831718842622555   135.4551797489985  504.48685781800305   641.5578905470029
164    13      0.25           91   0.8876957648318085  136.27507997801877   574.1207672120072   712.0706985510187
165    13      0.25          101   0.8916476605017628  136.04063076199964   630.4567132929806   768.1358612620097
166    13      0.25          111    0.895856349392376  136.24753714702092   697.1665267949866   835.0792992620263
167    13      0.25          121    0.901325804998748  136.10272947500926   747.0027245840174   884.7548826909915
168    13      0.25          131   0.8940091981571686  136.44652820000192   823.6922097000061   961.7790656620055
169    13      0.25          141   0.8993426573538459  134.87926023401087    865.872483745974  1002.3658759190002
170    13      0.25          151   0.9056776901089811   135.5922572419804    932.658307656995  1069.8711447780079
171    13      0.25          161   0.9028201655476296  135.66106636999757    998.464886404021   1135.760812952998
172    13      0.25          171   0.9045921187680646  135.62481143398327  1053.6733019749809  1190.9419780460012
173    13      0.25          181   0.9026921689267403  136.53237822899246  1118.0785048660182   1256.254101648985
174    13      0.25          191   0.9055408937204058   135.3916499800107  1180.7912749600073  1317.8657756410248
175    23      0.25            1   0.5455655970682374  135.02935376597452   20.19114942001761   156.8578078369901
176    30      0.25            1   0.5992865788343188   319.2540946719819  24.851628144999268   345.8877356229932
177    30      0.25           21   0.8591693179300066  138.94644744400284   233.6306930599967   374.6126571810164
178    30      0.25           41   0.8941435946091023  137.89661121400422  416.46380581200356   556.3581048869819
179    30      0.25           61   0.9054448962547389  138.64549143699696   636.8185996630054   777.4756316260027
180    30      0.25           81   0.9108871525791719   139.4333819670137   845.6266862610064   987.1389559710224
181    30      0.25          101   0.9113087414492257  138.28041155199753  1066.1465325900062  1206.4599562989897
182    30      0.25          121    0.915468631628125  137.72179344200413  1260.3071670969948   1400.012544039986
183    30      0.25          141   0.9140598688194632   138.3092941759969   1474.971240579005  1615.3190076279861
184    30      0.25          161   0.9167229985128392  137.83766925201053  1709.0042874620121  1848.8448619990086
185    30      0.25          181   0.9156718262637866   137.8523357460217  1872.6110424539947  2012.4731650360045
186    40      0.25            1   0.6011129306186317   139.3386611349997  28.720021885994356  170.18219895701623
187    40      0.25           21   0.8532742735591781  138.88850268200622   238.0298739889986  379.12001568300184
188    40      0.25           41   0.8906548867109908   137.3089567119896   469.8840990269964   609.2778579769947
189    40      0.25           61    0.902853764660613  139.11002459700103   709.2827617790026   850.5357792540162
190    40      0.25           81    0.906100878936796  138.20545966899954   977.5679213169788      1117.887000224
191    40      0.25          101   0.9079776293905841  138.24074822600232  1217.4327358570008   1357.841959804995
192    40      0.25          121   0.9106047600343351  138.19689638199634  1444.1098014019954  1584.3967161000182
193    40      0.25          141   0.9117559296434574  138.31149494100828  1715.1527507029823  1855.5885127719957
194    40      0.25          161    0.911895925947555   137.3355981700006  1939.9858907820017   2079.393759019993
