    Depth     size   MaxFeatures  Samples      Accuracy        Dataset Time       Training Time          Total Time
0      1      0.25           20  5000000  0.6591577982341266  293.86645924905315  140.23655881360173  435.82300384296104
1     16      0.25           20  5000000  0.9238188111833847  172.42322228010744   1645.830954941921  1820.2262463402003
2     31      0.25           20  5000000  0.9163118093682326  162.60417823959142    2464.46207259316  2629.3769020028412
3     46      0.25           20  5000000  0.9125063098334204  160.48564706882462  2963.1693993317895   3126.038527665194
4     61      0.25           20  5000000  0.9114311382179511  160.02681228192523   3275.487639277708   3437.955517105758
5     76      0.25           20  5000000  0.9111927445115449  161.07213037833571  3424.3096945178695  3587.8462295411155
6     91      0.25           20  5000000  0.9110087493690167   160.4479219201021   3443.054432215169  3606.1481507080607
7    106      0.25           20  5000000  0.9108919524524552   288.3530168281868  3025.6239223629236   3316.220434703864
8    112      0.25           20  5000000    0.91079835492343   138.1250574463047  2996.2682856530882   3136.627434367314
9    112      0.25           20  5000000  0.9109463510163331  137.42176668904722   3021.965054843109  3161.6119880122133
10   112      0.25           20  5000000  0.9109175517766331  138.49181105662137  3015.1900146640837  3155.9119666386396
11   112      0.25           20  5000000  0.9108847526425302  137.63062690198421   2991.526186191011  3131.4042054228485
12   112      0.25           20  5000000  0.9109015521990219  137.53842613706365    2998.48364976421   3138.262597290799
