    Max Depth Test size            Accuracy        Dataset Time       Training Time          Total Time
0           1       0.3             0.61106   4.405884563922882    8.75563258677721   13.34266446903348
1           1       0.3             0.64524   4.247409710660577   8.759788881987333   13.18920054845512
2           1       0.3             0.61944   4.283427011221647   8.752268696203828  13.217835733667016
3           1       0.3              0.6173   4.313302544876933   8.768783124163747  13.264533514156938
4           1       0.3             0.60068   4.381200607866049   8.769751749932766  13.334307407960296
5           1       0.3  0.5854866666666667   4.388134336099029   8.762354388833046  13.331857144832611
6           1       0.3  0.5847933333333334   4.403502156957984   8.771036885678768  13.356841444969177
7           1       0.3             0.58186   4.430656412616372   8.763711350038648   13.37598524056375
8           1       0.3  0.5665666666666667   4.451319940388203   8.757713844999671    13.3906311057508
9           1       0.3  0.5654266666666666  4.4555762484669685   8.760324144735932   13.39909922145307
10          2       0.3  0.6515533333333333   4.225759556517005  17.183959405869246  21.592486696317792
11          2       0.3             0.67214   4.241430642083287    17.1100443135947   21.53449796885252
12          2       0.3  0.6438133333333333   4.277556978166103  17.180392362177372  21.641659090295434
13          2       0.3  0.6681666666666667   4.307918759062886  17.377933211624622   21.86979647912085
14          2       0.3  0.6530466666666667   4.334538538008928   17.15133186802268   21.66958625614643
15          2       0.3  0.6099533333333333   4.362180259078741  17.134961910545826   21.68077472783625
16          2       0.3  0.6014533333333333  4.3753524497151375   17.13413049466908   21.69353874400258
17          2       0.3             0.60526   4.439843775704503  17.146472388878465  21.770245919004083
18          2       0.3             0.60064   4.462796811014414   17.16841652803123  21.814502412453294
19          2       0.3  0.5978466666666666   4.467467911541462    17.1875229049474  21.838742403313518
20          3       0.3             0.74768   4.223735159263015  25.417963342741132  29.823965752497315
21          3       0.3             0.69414   4.263153586536646   26.03507548198104   30.48236238397658
22          3       0.3              0.6957   4.279198709875345   25.34714211523533  29.811949098482728
23          3       0.3  0.7045933333333333   4.292066879570484  25.273442324250937  29.751010544598103
24          3       0.3  0.6733666666666667   4.322534561157227   25.16020750813186  29.668521201238036
25          3       0.3  0.6551933333333333   4.406870394945145   25.20491375774145  29.798110119998455
26          3       0.3  0.6432533333333333   4.376868667080998   25.16340059414506   29.72521891631186
27          3       0.3             0.63876   4.418425099924207   25.21089481189847  29.814468970522285
28          3       0.3             0.63842   4.461343312636018   25.38035218603909  30.027274204418063
29          3       0.3  0.6230666666666667   4.457650221884251   25.25060941465199   29.89373319223523
30          4       0.3             0.80306   4.236884230747819   33.28286199644208  37.705334063619375
31          4       0.3  0.7288466666666666   4.251028226688504   33.09494259953499  37.531821643933654
32          4       0.3  0.7159533333333333    4.28142480365932   32.96547372452915   37.43264511227608
33          4       0.3  0.7385266666666667   4.309773229062557  33.050309443846345   37.54690922982991
34          4       0.3  0.7047333333333333  4.3345590606331825   33.44311559200287   37.96286901272833
35          4       0.3  0.6794333333333333   4.364256227388978  33.904915085062385   38.45571009069681
36          4       0.3             0.67692   4.381784096360207  32.895988745614886  37.464136593043804
37          4       0.3  0.6518466666666667     4.4582330416888   32.96510223671794  37.609481159597635
38          4       0.3  0.6538666666666667   4.450034663081169   33.51549058035016   38.14970621839166
39          4       0.3              0.6477   4.471077769994736   32.96634551696479  37.624240374192595
40          5       0.3  0.8256066666666667    4.24420253559947  41.730732541531324  46.161588257178664
41          5       0.3  0.7577666666666667  4.2592454720288515   41.28284107334912   45.72878039069474
42          5       0.3  0.7541466666666666   4.280638579279184   41.21913046948612  45.686689119786024
43          5       0.3             0.75972   4.314707927405834  40.489681255072355   44.99330781400204
44          5       0.3  0.7253733333333333  4.3589342422783375   40.27279997244477     44.819435890764
45          5       0.3             0.69972  4.3877714443951845   40.34428302012384   44.91958489082754
46          5       0.3  0.6930066666666667   4.417046206071973   40.25261566415429   44.85678674466908
47          5       0.3  0.6872066666666666  4.4088145438581705   40.32966333441436   44.92567294836044
48          5       0.3  0.6878666666666666   4.429531769827008   40.45568458549678  45.072501162067056
49          5       0.3  0.6628266666666667   4.466554576531053   40.35800214856863  45.011830320581794
50          6       0.3  0.8540933333333334   4.223439576104283   48.35245287977159  52.763396956026554
51          6       0.3              0.7812   4.259024625644088   47.87399394065142  52.319131100550294
52          6       0.3             0.77814   4.276613371446729   47.49801531620324  51.962819119915366
53          6       0.3  0.7924066666666667   4.312795365229249   47.52779959887266   52.02880632318556
54          6       0.3              0.7457   4.353972647339106   47.26647269167006   51.80689305625856
55          6       0.3  0.7201733333333333   4.347459152340889  47.310488153249025   51.84670229256153
56          6       0.3  0.7125133333333333   4.414395559579134   47.50167695991695   52.10391518101096
57          6       0.3  0.7027133333333333   4.488114044070244   47.36440174467862   52.04047945514321
58          6       0.3             0.70134   4.465231999754906  47.585268368944526  52.238685036078095
59          6       0.3  0.6849933333333333   4.476401766762137   47.34772395156324   52.01224070042372
60          7       0.3  0.8693733333333333   4.225964285433292   56.02954931743443  60.443002227693796
61          7       0.3  0.8032733333333333   4.250269023701549   54.89197136647999   59.33069087937474
62          7       0.3             0.79996   4.283194312825799  54.912823183462024   59.38486955873668
63          7       0.3  0.8080266666666667   4.300587357953191  54.292683616280556  58.781606582924724
64          7       0.3             0.76878   4.330018909648061   53.89469355531037  58.413707761093974
65          7       0.3  0.7417866666666667   4.372041521593928   54.17385468818247   58.73604064062238
66          7       0.3  0.7283066666666667   4.391421793028712   53.83703744225204   58.41822245903313
67          7       0.3              0.7265   4.407413512468338  53.999443504959345   58.59623536840081
68          7       0.3             0.72688   4.436755504459143  54.307448802515864  58.933489345014095
69          7       0.3  0.7048466666666666   4.460693506523967   53.95152237638831  58.602694038301706
70          8       0.3             0.88494   4.252085318788886  62.336898101493716   66.77659760788083
71          8       0.3  0.8196266666666666    4.25578960776329   62.43076349236071   66.87602584064007
72          8       0.3  0.8188066666666667   4.310094427317381  60.657909819856286    65.1584291998297
73          8       0.3             0.82862   4.395358692854643  60.837082121521235   65.42254029586911
74          8       0.3  0.7860133333333333   4.332178415730596  60.196466421708465   64.71955088712275
75          8       0.3  0.7619666666666667   4.362103719264269   60.27783355489373   64.83119650743902
76          8       0.3              0.7501   4.391574019566178   60.11367719061673   64.69573532603681
77          8       0.3             0.74226   4.415142124518752   60.43135164678097     65.037058474496
78          8       0.3  0.7429666666666667  4.4389490988105536   61.31636960245669   65.94564303942025
79          8       0.3  0.7231466666666667   4.491923497989774   60.91104032099247    65.5946584995836
80          9       0.3  0.8986666666666666   4.255430243909359   68.87847325019538   73.32156410440803
81          9       0.3               0.837   4.287295030429959   67.65642202831805    72.1353716738522
82          9       0.3              0.8359   4.280645407736301    66.7399235535413   71.21220775693655
83          9       0.3             0.84478   4.306133650243282   67.01069406792521   71.50689120404422
84          9       0.3  0.8046266666666667   4.327587177976966   66.19710322283208   70.71453371830285
85          9       0.3  0.7770133333333333   4.468174897134304   66.19759778864682   70.85835169069469
86          9       0.3  0.7658666666666667   4.379423324018717   66.19760936126113   70.76905906014144
87          9       0.3  0.7582266666666667   4.419126346707344   66.29731976427138   70.90872064232826
88          9       0.3  0.7571666666666667   4.441398037597537    66.5891234241426   71.22176522947848
89          9       0.3  0.7358866666666667   4.456553945317864   66.21732640266418    70.8665353320539
90          1       0.3             0.61106   4.405884563922882    8.75563258677721   13.34266446903348
91          1       0.3             0.64524   4.247409710660577   8.759788881987333   13.18920054845512
92          1       0.3             0.61944   4.283427011221647   8.752268696203828  13.217835733667016
93          1       0.3              0.6173   4.313302544876933   8.768783124163747  13.264533514156938
94          1       0.3             0.60068   4.381200607866049   8.769751749932766  13.334307407960296
95          1       0.3  0.5854866666666667   4.388134336099029   8.762354388833046  13.331857144832611
96          1       0.3  0.5847933333333334   4.403502156957984   8.771036885678768  13.356841444969177
97          1       0.3             0.58186   4.430656412616372   8.763711350038648   13.37598524056375
98          1       0.3  0.5665666666666667   4.451319940388203   8.757713844999671    13.3906311057508
99          1       0.3  0.5654266666666666  4.4555762484669685   8.760324144735932   13.39909922145307
100         2       0.3  0.6515533333333333   4.225759556517005  17.183959405869246  21.592486696317792
101         2       0.3             0.67214   4.241430642083287    17.1100443135947   21.53449796885252
102         2       0.3  0.6438133333333333   4.277556978166103  17.180392362177372  21.641659090295434
103         2       0.3  0.6681666666666667   4.307918759062886  17.377933211624622   21.86979647912085
104         2       0.3  0.6530466666666667   4.334538538008928   17.15133186802268   21.66958625614643
105         2       0.3  0.6099533333333333   4.362180259078741  17.134961910545826   21.68077472783625
106         2       0.3  0.6014533333333333  4.3753524497151375   17.13413049466908   21.69353874400258
107         2       0.3             0.60526   4.439843775704503  17.146472388878465  21.770245919004083
108         2       0.3             0.60064   4.462796811014414   17.16841652803123  21.814502412453294
109         2       0.3  0.5978466666666666   4.467467911541462    17.1875229049474  21.838742403313518
110         3       0.3             0.74768   4.223735159263015  25.417963342741132  29.823965752497315
111         3       0.3             0.69414   4.263153586536646   26.03507548198104   30.48236238397658
112         3       0.3              0.6957   4.279198709875345   25.34714211523533  29.811949098482728
113         3       0.3  0.7045933333333333   4.292066879570484  25.273442324250937  29.751010544598103
114         3       0.3  0.6733666666666667   4.322534561157227   25.16020750813186  29.668521201238036
115         3       0.3  0.6551933333333333   4.406870394945145   25.20491375774145  29.798110119998455
116         3       0.3  0.6432533333333333   4.376868667080998   25.16340059414506   29.72521891631186
117         3       0.3             0.63876   4.418425099924207   25.21089481189847  29.814468970522285
118         3       0.3             0.63842   4.461343312636018   25.38035218603909  30.027274204418063
119         3       0.3  0.6230666666666667   4.457650221884251   25.25060941465199   29.89373319223523
120         4       0.3             0.80306   4.236884230747819   33.28286199644208  37.705334063619375
121         4       0.3  0.7288466666666666   4.251028226688504   33.09494259953499  37.531821643933654
122         4       0.3  0.7159533333333333    4.28142480365932   32.96547372452915   37.43264511227608
123         4       0.3  0.7385266666666667   4.309773229062557  33.050309443846345   37.54690922982991
124         4       0.3  0.7047333333333333  4.3345590606331825   33.44311559200287   37.96286901272833
125         4       0.3  0.6794333333333333   4.364256227388978  33.904915085062385   38.45571009069681
126         4       0.3             0.67692   4.381784096360207  32.895988745614886  37.464136593043804
127         4       0.3  0.6518466666666667     4.4582330416888   32.96510223671794  37.609481159597635
128         4       0.3  0.6538666666666667   4.450034663081169   33.51549058035016   38.14970621839166
129         4       0.3              0.6477   4.471077769994736   32.96634551696479  37.624240374192595
130         5       0.3  0.8256066666666667    4.24420253559947  41.730732541531324  46.161588257178664
131         5       0.3  0.7577666666666667  4.2592454720288515   41.28284107334912   45.72878039069474
132         5       0.3  0.7541466666666666   4.280638579279184   41.21913046948612  45.686689119786024
133         5       0.3             0.75972   4.314707927405834  40.489681255072355   44.99330781400204
134         5       0.3  0.7253733333333333  4.3589342422783375   40.27279997244477     44.819435890764
135         5       0.3             0.69972  4.3877714443951845   40.34428302012384   44.91958489082754
136         5       0.3  0.6930066666666667   4.417046206071973   40.25261566415429   44.85678674466908
137         5       0.3  0.6872066666666666  4.4088145438581705   40.32966333441436   44.92567294836044
138         5       0.3  0.6878666666666666   4.429531769827008   40.45568458549678  45.072501162067056
139         5       0.3  0.6628266666666667   4.466554576531053   40.35800214856863  45.011830320581794
140         6       0.3  0.8540933333333334   4.223439576104283   48.35245287977159  52.763396956026554
141         6       0.3              0.7812   4.259024625644088   47.87399394065142  52.319131100550294
142         6       0.3             0.77814   4.276613371446729   47.49801531620324  51.962819119915366
143         6       0.3  0.7924066666666667   4.312795365229249   47.52779959887266   52.02880632318556
144         6       0.3              0.7457   4.353972647339106   47.26647269167006   51.80689305625856
145         6       0.3  0.7201733333333333   4.347459152340889  47.310488153249025   51.84670229256153
146         6       0.3  0.7125133333333333   4.414395559579134   47.50167695991695   52.10391518101096
147         6       0.3  0.7027133333333333   4.488114044070244   47.36440174467862   52.04047945514321
148         6       0.3             0.70134   4.465231999754906  47.585268368944526  52.238685036078095
149         6       0.3  0.6849933333333333   4.476401766762137   47.34772395156324   52.01224070042372
150         7       0.3  0.8693733333333333   4.225964285433292   56.02954931743443  60.443002227693796
151         7       0.3  0.8032733333333333   4.250269023701549   54.89197136647999   59.33069087937474
152         7       0.3             0.79996   4.283194312825799  54.912823183462024   59.38486955873668
153         7       0.3  0.8080266666666667   4.300587357953191  54.292683616280556  58.781606582924724
154         7       0.3             0.76878   4.330018909648061   53.89469355531037  58.413707761093974
155         7       0.3  0.7417866666666667   4.372041521593928   54.17385468818247   58.73604064062238
156         7       0.3  0.7283066666666667   4.391421793028712   53.83703744225204   58.41822245903313
157         7       0.3              0.7265   4.407413512468338  53.999443504959345   58.59623536840081
158         7       0.3             0.72688   4.436755504459143  54.307448802515864  58.933489345014095
159         7       0.3  0.7048466666666666   4.460693506523967   53.95152237638831  58.602694038301706
160         8       0.3             0.88494   4.252085318788886  62.336898101493716   66.77659760788083
161         8       0.3  0.8196266666666666    4.25578960776329   62.43076349236071   66.87602584064007
162         8       0.3  0.8188066666666667   4.310094427317381  60.657909819856286    65.1584291998297
163         8       0.3             0.82862   4.395358692854643  60.837082121521235   65.42254029586911
164         8       0.3  0.7860133333333333   4.332178415730596  60.196466421708465   64.71955088712275
165         8       0.3  0.7619666666666667   4.362103719264269   60.27783355489373   64.83119650743902
166         8       0.3              0.7501   4.391574019566178   60.11367719061673   64.69573532603681
167         8       0.3             0.74226   4.415142124518752   60.43135164678097     65.037058474496
168         8       0.3  0.7429666666666667  4.4389490988105536   61.31636960245669   65.94564303942025
169         8       0.3  0.7231466666666667   4.491923497989774   60.91104032099247    65.5946584995836
170         9       0.3  0.8986666666666666   4.255430243909359   68.87847325019538   73.32156410440803
171         9       0.3               0.837   4.287295030429959   67.65642202831805    72.1353716738522
172         9       0.3              0.8359   4.280645407736301    66.7399235535413   71.21220775693655
173         9       0.3             0.84478   4.306133650243282   67.01069406792521   71.50689120404422
174         9       0.3  0.8046266666666667   4.327587177976966   66.19710322283208   70.71453371830285
175         9       0.3  0.7770133333333333   4.468174897134304   66.19759778864682   70.85835169069469
176         9       0.3  0.7658666666666667   4.379423324018717   66.19760936126113   70.76905906014144
177         9       0.3  0.7582266666666667   4.419126346707344   66.29731976427138   70.90872064232826
178         9       0.3  0.7571666666666667   4.441398037597537    66.5891234241426   71.22176522947848
179         9       0.3  0.7358866666666667   4.456553945317864   66.21732640266418    70.8665353320539
