   Depth Test size Max Features  Samples            Accuracy        Dataset Time       Training Time          Total Time
0      1      0.25           20  5000000  0.6591577982341266  298.71961246198043  142.17027320992202   442.5579978330061
1      2      0.25           20  5000000  0.6689247403868538   162.0500189990271  275.21015656297095    439.125746440026
2      3      0.25           20  5000000  0.7017638734337414  159.88151214597747   410.0246147529688   571.5987421729369
3      4      0.25           20  5000000  0.7188154232728255  160.92535176104866   541.0120351370424   703.6282114270143
4      5      0.25           20  5000000   0.755211262422672  161.11632362299133   669.8101735819364   832.6680160600226
5      6      0.25           20  5000000  0.7732371865382754  162.54284776200075   795.7534970020643   960.0451511590509
6      7      0.25           20  5000000  0.8033539914546256  160.40703481796663   900.9940366819501  1063.1279715899145
7      8      0.25           20  5000000   0.831306053520187  161.03467638604343  1007.2346955640242  1170.0071695680963
8      9      0.25           20  5000000  0.8485215990297856  160.57495356805157   1092.545548532973  1254.8714443070348
9     10      0.25           20  5000000   0.866249131022941  159.71989710000344  1200.1800203119637  1361.6728102460038
10    11      0.25           20  5000000  0.8823919048537119  162.13534411299042   1265.928228526027  1429.8721692060353
11    12      0.25           20  5000000  0.8960667438379627  160.38189340906683  1344.2433821429731  1506.4197783230338
12    13      0.25           20  5000000  0.9059048841110595  162.13867588690482   1423.962562342058  1587.9511022309307
13    14      0.25           20  5000000   0.913870273824771   159.7985337850405  1509.8078420849051  1671.4676296390826
14    15      0.25           20  5000000  0.9198765152599971  161.50622762693092   1566.713076111977  1730.0982763339998
15    16      0.25           20  5000000  0.9238932092192766  161.60246043698862   1639.944520588033  1803.4694532909198
16    17      0.25           20  5000000  0.9257011614893367  160.36722362891305  1707.3068395900773  1869.6291589629836
17    17      0.25           20  5000000  0.9256619625241893  208.85832652449608  1906.2540185116231   2119.176210936159
18    18      0.25           20  5000000  0.9264259423551219  200.05538299307227   1993.411193098873  2197.5932281836867
19    19      0.25           20  5000000  0.9256875618483672  196.43528466299176   2057.218418058008   2257.789293002337
20    20      0.25           20  5000000  0.9247835857133372  196.78602775931358   2110.233010061085   2311.203738607466
21    21      0.25           20  5000000  0.9236052168222759  200.58066786453128   2187.584505099803    2392.47727387771
22    22      0.25           20  5000000  0.9222756519227893  201.39806382730603  2254.5478555858135   2460.276735275984
23    23      0.25           20  5000000  0.9212964777729868    196.147284835577  2292.5615412816405  2492.9890832342207
24    24      0.25           20  5000000   0.920118908860806  200.07536005601287  2363.3236443400383  2567.9044889621437
25    25      0.25           20  5000000  0.9194365268756904  199.33080895990133  2431.8797361291945   2635.605952449143
26    25      0.25           20  5000000  0.9195541237711324   271.1161339140963  1886.6860737279058  2159.8590414130595
27    30      0.25           20  5000000  0.9167341982171671  138.23009911202826   2090.402086051996  2230.6433620540192
28    35      0.25           20  5000000  0.9147702500653982  138.37847351795062  2275.9508367360104    2416.54485410091
29    40      0.25           20  5000000  0.9135686817868008   137.8575526169734  2442.9458622199018  2582.9016276659677
30    45      0.25           20  5000000  0.9126287066021457  137.40917638107203  2541.8684903481044  2681.4091738520656
31    50      0.25           20  5000000  0.9119455246381496   139.1230022549862   2662.796965463902   2804.098826147034
32    55      0.25           20  5000000   0.911604733635032  138.11960710806306   2746.264970915974  2886.7006192420376
33    60      0.25           20  5000000  0.9113863394006398   138.7333406979451  2859.6823846560437   3000.629915964906
34    65      0.25           20  5000000  0.9112495430120645   332.7332826509373   3279.491435478092   3614.818921388942
35    75      0.25           20  5000000  0.9110175491367027  163.14780903607607   3383.905085792998   3549.717414121027
36    85      0.25           20  5000000  0.9110039494957333  161.47688461199868   3418.275083195069  3582.2206684770063
37    95      0.25           20  5000000  0.9107727555992522  160.36588246701285   3433.093906951952  3596.1047757050255
38   105      0.25           20  5000000  0.9106487588727658  161.82273330003954   3455.811651719967  3620.1018122980604
