   Depth Test size Max Features  Samples            Accuracy        Dataset Time       Training Time          Total Time
0    110      0.25            1  5000000  0.5554965348914789    205.449752073735   42.72492005676031  253.50790099054575
1    103      0.25            2  5000000   0.623870729812733  204.86278552934527   57.72554787993431   267.7929707504809
2     95      0.25            3  5000000  0.6548787112020242  201.58732142299414   82.25023078545928  288.81113301217556
3     93      0.25            4  5000000  0.6852283099726167   201.0749390721321   83.61541229113936   290.4835183247924
4     72      0.25            5  5000000  0.7226209228076379   203.9521369971335   96.34986731037498     305.25893079862
5     78      0.25            6  5000000  0.7084996956080359  202.02188478037715  129.42791474610567   336.3295700214803
6     75      0.25            7  5000000  0.7510521722226533  200.03711531311274   145.9276447109878   350.7949830405414
7     76      0.25            8  5000000   0.757400804618758  204.12580301240087  145.75002276152372  354.74460626766086
8     73      0.25            9  5000000  0.7858432537381013   198.9580598436296  157.48487707599998   361.3174751959741
9     79      0.25           10  5000000   0.802178022500206   201.0106240697205  167.52468599379063  373.37133514508605
10    72      0.25           11  5000000  0.7829601298525719  197.73549672216177  216.34468816965818   418.9052440226078
11    67      0.25           12  5000000  0.8035163871673788   194.6769411303103  193.59969332814217  392.79876436665654
12    93      0.25           13  5000000  0.8217239064888687   198.6258902400732  212.05462850630283    415.363331977278
13    73      0.25           14  5000000   0.828058939244004  198.28016141429543  205.24434130638838   408.2962881401181
14    74      0.25           15  5000000  0.8304884751042573    203.920947548002  242.79692710191011   451.5386507920921
15    81      0.25           16  5000000  0.8334771962020203  202.12586722150445  250.42628790438175   457.3443353585899
16    79      0.25           17  5000000  0.8448680954822793  195.03050911426544  257.03288865461946  456.65097261592746
17    69      0.25           18  5000000  0.8492967785650459   202.2967589609325  259.74964405968785   466.7519212886691
18    91      0.25           19  5000000  0.8577549552691809  200.69505801051855  283.05825540423393   490.1766752973199
19    75      0.25           20  5000000  0.8570805730728709  200.17957117408514   290.9174221307039   495.6687717065215
20    71      0.25           21  5000000  0.8651507600199355   200.5371244996786  303.09369855746627   508.1990770250559
21    83      0.25           22  5000000  0.8605540813722518  195.12217279151082  333.32539093866944   532.9844358637929
22    68      0.25           23  5000000  0.8646987719524205   200.1788553521037  331.87397821992636   536.8002650216222
23    76      0.25           24  5000000  0.8681594805897125   200.6331137791276  385.45752769336104   590.7904016934335
24   107      0.25           25  5000000  0.8721673747813058  198.44389760494232   374.4055283255875   580.3670111112297
25   104      0.25           26  5000000  0.8731137497970054  199.91152945160866  424.74916399270296   629.3633678108454
26    89      0.25           27  5000000  0.8723705694169674  195.10951323062181   402.6340874582529   602.3888806886971
27   101      0.25           28  5000000  0.8678650883616672  196.58916183561087   411.6152143664658   612.8190421685576
28    78      0.25           29  5000000  0.8720401781392971   194.5234061293304    405.253814201802   604.2933388054371
29    86      0.25           30  5000000  0.8758072786878427  200.06959894672036   450.8617163002491   655.7013034000993
30   102      0.25           31  5000000  0.8778664243263978   195.7673946879804  460.98130110278726   661.4271165542305
31    86      0.25           32  5000000   0.883123885529422  194.95671655982733   492.1758338212967   691.7351930476725
32    89      0.25           33  5000000  0.8811215383913865    201.394408416003   534.3843687325716   740.4950646571815
33   100      0.25           34  5000000  0.8860534081900238   200.1549360267818   543.0099266208708    747.968018874526
34   120      0.25           35  5000000  0.8858278141457065  194.51322616636753   547.6420389339328   748.5362634323537
35    94      0.25           36  5000000  0.8813679318865982  200.16782966256142   567.2031527087092    771.961714271456
36    98      0.25           37  5000000  0.8873301744833937  202.22236847132444   558.9948110543191    766.010273873806
37   109      0.25           38  5000000   0.886633392878428  200.17291856184602   578.1209941767156   782.8856013417244
38   116      0.25           39  5000000  0.8887613367007111  203.51974403858185   583.9659968540072   792.3472900129855
39    89      0.25           40  5000000  0.8907772834797162  195.43298267945647   621.8714050203562    821.863599549979
40    93      0.25           40  5000000  0.8848766392567237  286.64629431499634   548.1898266420467   837.4518484129803
41    91      0.25           41  5000000   0.891025276932689  160.57991992705502   588.1044376880163   751.0707548060454
42    96      0.25           42  5000000  0.8879373584537368  161.96354289492592   605.4944668889511    769.910954379011
43   103      0.25           43  5000000   0.889752510533722  162.88928291306365   620.3504764600657   785.6635194109986
44   108      0.25           44  5000000  0.8907204849791965  161.41589855693746   644.2827005970757   808.1203117970144
45    98      0.25           45  5000000  0.8926300345670874  160.46198544302024   637.0940401280532   799.9517997850198
46    99      0.25           46  5000000  0.8921764465418113  160.02778188406955   658.5772493610857   820.9783331149956
47   112      0.25           47  5000000   0.892609235116193  161.13072052400094   702.3106373759219    865.832599217887
48   104      0.25           48  5000000  0.8934004142290644  162.20389135100413   714.3459435660625   879.0121575749945
49    96      0.25           49  5000000  0.8969971192760511  160.95418860693462   749.9685040629702   913.3117841290077
50    93      0.25           50  5000000  0.8935604100051758  161.06133218598552   743.9381105019711   907.4045885290252
51   119      0.25           51  5000000  0.8932876172069057  160.07613721909001   775.6238469270756   938.1475557850208
52   106      0.25           52  5000000  0.8956499548411921  160.96034134097863   799.5634973230772   962.9484491249314
53   107      0.25           53  5000000  0.8979130950942895  160.24155075696763   825.3266181680374   988.0119020319544
54    91      0.25           54  5000000    0.89566115454552  162.22371323604602   799.7523267760407    964.420057133073
55   107      0.25           55  5000000  0.8972971113562602  160.96306579303928   820.9512476100354   984.3141591040185
56   104      0.25           56  5000000  0.8955131584526168    161.918665167992    803.302138641011    967.648317042971
57   114      0.25           57  5000000  0.8986058768048524  162.03938302700408    875.976963456953  1040.4541833330877
58   118      0.25           58  5000000  0.8972307131091739  162.21587991900742   892.5955980409635   1057.271365397959
59    97      0.25           59  5000000  0.8974755066466246   160.9613867769949   907.2448353950167   1070.614330856013
60   113      0.25           60  5000000  0.9000834377972422   161.1176397500094   910.3877507550642  1073.9754652760457
61   123      0.25           61  5000000  0.8976467021270639  160.51015567500144    911.385251738946  1074.2820871630684
62   119      0.25           62  5000000  0.9015153999934402  161.84545775002334   965.5556757990271  1129.8537934030173
63   106      0.25           60  5000000  0.8999602410496363   391.2232868249994   963.1654732810566  1356.8535986720817
64   105      0.25           65  5000000  0.9002714328341732   160.2215602749493   1006.289349548053  1168.9394031729316
65   106      0.25           70  5000000  0.9008154184729523   161.2670019029174  1112.1382602279773  1275.8302998410072
66   105      0.25           75  5000000  0.9046889162126119   163.0058292070171  1197.8363206309732  1363.3178122829413
67   120      0.25           80  5000000  0.9046833163604481  161.01396360702347  1304.6822686580708  1468.1769415599992
68    96      0.25           85  5000000  0.9040721324957021  161.24900551594328  1338.2893429419491  1502.0131219150499
69   112      0.25           90  5000000  0.9059920818090402   161.8754175399663  1459.8697813559556  1624.2459641490132
70   109      0.25           95  5000000  0.9065864661172945  160.97836466203444  1526.2835438699694  1689.6949119369965
71   113      0.25          100  5000000  0.9056280914183865  159.97603725304361  1648.6512289020466  1811.0381623660214
72   132      0.25          105  5000000  0.9074616430126244  159.87541393598076  1776.4371217270382  1938.7715741930297
73   130      0.25          110  5000000  0.9090192018930701  159.98607544996776  1872.9161508081015  2035.3247213390423
74   119      0.25          115  5000000  0.9091399987040342  162.07765462307725  1998.3477752580075  2162.9140818039887
