    Depth Test size Max Features             Accuracy          Dataset Time          Training Time            Total Time
0      41      0.25           10   0.7083245002331938    259.86593806601013     1.5982264050107915    263.23998024500906
1      43      0.25           30   0.7710100453348031    135.01273130901973      4.169267356017372      140.944270537002
2      50      0.25           50   0.7963429765454192    134.82955241002492      7.254588332987623    143.89710415599984
3      40      0.25           70   0.7855896604329645    136.08964463399025     10.495087531016907    148.38359830199624
4      49      0.25           90   0.7995916907793634    134.95171968400246     13.876586345984833     150.6400433750241
5      39      0.25          110   0.8252710128452608    135.89017478498863      17.21410042201751    154.90875069599133
6      53      0.25          130   0.8175296172181055    135.55931977301952      20.72352107500774    158.06348489201628
7      58      0.25          150   0.8320372342170167    136.02246076698066     24.886346051003784    162.71964495198335
8      53      0.25          170   0.8250382189910186     134.5623066679982     27.892809666023823     164.2997882780037
9      48      0.25          190   0.8207639318321996    136.58378791899304     31.237372328992933    169.63045689300634
10     52      0.25           10   0.7242200805898724    135.22445089099347     3.4998107560095377    140.57946761898347
11     47      0.25           30   0.7986269162494111    134.53562952700304      9.779384922003374    146.13353797301534
12     51      0.25           50   0.8270165667626375     134.6509549920156     18.076244755997322     154.5660586740123
13     49      0.25           70   0.8326268186519876    136.12148302499554      24.74881984500098    162.72812411401537
14     55      0.25           90   0.8359491309429431     136.0182937209902      32.04314596398035     169.9307997279975
15     51      0.25          110   0.8412001923149229    136.54906363401096     40.238993392995326     178.6515318340098
16     57      0.25          130   0.8416529803613184    136.57067792399903     50.864439914992545    189.32453118200647
17     55      0.25          150   0.8470904368124682    134.52907219098415     55.375349134992575    191.73578547799843
18     53      0.25          170   0.8532286747629863     136.2759165019961       64.7055577270221    202.86246509299963
19     55      0.25          190   0.8437161258942764    135.44051019800827      75.49139834399102    212.80455505201826
20     49      0.25           10   0.7173234626605858    136.14177009800915      6.002629647002323     144.0971790550102
21     51      0.25           30   0.8089346441253951    136.15592154301703     15.604876514989883     153.6346286580083
22     49      0.25           50   0.8419585722936914    134.59339645900764     27.424982725002337    163.88227686300525
23     54      0.25           70   0.8384546647968494     134.4774960130162      39.29219877999276    175.59558012301568
24     58      0.25           90   0.8446121022405009    136.02971281399368      54.89050346901058    192.79958742798772
25     47      0.25          110    0.837699484733603    136.10667598899454      64.82345312999678    202.85250899899984
26     58      0.25          130   0.8379746774685148    136.20362292198115      79.50386978100869     217.5945180869894
27     60      0.25          150   0.8540022543404854     136.3915848659817      91.70747770401067    230.02127211698098
28     60      0.25          170   0.8574301638436745    135.36082541299402      107.3888167120167     244.6480778940022
29     57      0.25          190   0.8581437450051319    134.61996236199047     118.19739084597677    254.72640407198924
30     54      0.25           10   0.7103340471811544    135.61389711598167      8.226116752979578    145.76148582500173
31     49      0.25           30   0.8167112388232951    136.44623694900656      21.99073695699917    160.35604697201052
32     56      0.25           50   0.8415657826633377    136.26627778098918     38.330215185997076    176.48544508899795
33     72      0.25           70    0.842521757425604    136.31751022100798       57.8960176249966    196.13072945200838
34     62      0.25           90   0.8456352752287339    134.73575701998197      75.99200975400163     212.5909907890018
35     58      0.25          110   0.8496303697582384    135.42688134100172      93.49060206100694    230.81425666500581
36     64      0.25          130   0.8642467838849054     135.5822270050121       109.218431907997    246.70586098000058
37     68      0.25          150   0.8608540734524609    136.14191811199998     132.72423522200552     270.7803444749734
38     70      0.25          170    0.839213044775618    136.32321088798926     155.67885712199495    293.94905282498803
39     66      0.25          190   0.8395930347438828    135.61327182300738      173.6442240389879     311.2257705089869
40     48      0.25           10   0.7428403890137301     134.5301832880068     11.098527245980222     147.5335014029988
41     64      0.25           30   0.8362035242269604    136.19055336198653     29.488785433000885     167.6171790040098
42     50      0.25           50   0.8365555149344057     135.3189410540217      47.76493591401959    185.00253173301462
43     61      0.25           70   0.8614148586477317     136.2808808249829      73.79589160301839    211.99597104100394
44     61      0.25           90   0.8523526978887758    135.51403423797456      97.48847909300821    234.93593862699345
45     61      0.25          110   0.8593237138539542    136.22088319199975     121.84857512201415     260.0460838559957
46     77      0.25          130   0.8536302641610262    135.70566909300396      156.9239382520027     294.5813702729938
47     71      0.25          150   0.8692322522685401    136.20510505899438       172.474297511013     310.6087122680037
48     69      0.25          170    0.864643573409662    135.60321349700098     200.43364198101335     337.9990183059999
49     63      0.25          190   0.8678682882771895    136.42004771300708     223.97535052601597     362.3512649250042
50     55      0.25           10   0.7407116452125664    135.45785661999253     13.353551354986848     150.7653330549947
51     55      0.25           30   0.8336907905631291     135.2145526650129      35.94358463201206    173.07923112099525
52     58      0.25           50   0.8479176149749647    136.38463505299296      63.59782897197874    201.93114686198533
53     68      0.25           70   0.8527206881738322    136.16073187300935      90.97532307001529    229.10060280901962
54     73      0.25           90   0.8594861095667075     136.0937290030124     123.54508134000935      261.575357816997
55     74      0.25          110   0.8666435206110559    135.66623747500125     160.30609669099795     297.9264639389876
56     66      0.25          130   0.8694250471787545    136.31542012101272      212.1042243890115     350.4145176630118
57     69      0.25          150   0.8684554727755187    135.99093018099666      225.5525969339942     363.5060358720075
58     81      0.25          170    0.866395527158083     136.0549442160118     250.87003116399865     388.9162501959945
59     77      0.25          190   0.8711746009905339    134.63503229999333     285.33538066697656    421.91047607100336
60     55      0.25           10   0.7405172503445909    135.97777121301624     15.074824885989074     153.0638589799928
61     61      0.25           30   0.8345539677752507    136.40009442999144     44.079338595998706    182.41321607399732
62     67      0.25           50   0.8565509870539417    134.76621685101418      75.92344085598597     212.5881479710224
63     69      0.25           70    0.847700020719453    134.66288415002055     112.53019296200364    249.16137862601317
64     67      0.25           90   0.8683074766826155    134.88996607100125     151.81810124899494     288.6550475730037
65     72      0.25          110   0.8700314311702171    135.63500601402484      182.3633760009834     319.9652605600131
66     96      0.25          130   0.8669779117831289     136.5280657740077     227.83732123099617    366.33085796100204
67     70      0.25          150   0.8687618646867723    136.34271383998566     273.78393737602164    412.10807792199193
68     81      0.25          170   0.8713737957317926      135.177416171995      288.6733892239863     425.7874689589953
69     96      0.25          190   0.8663107293967439     134.7401160110021     342.04600000497885    478.74633351899683
70     60      0.25           10   0.7519673480620112     135.6124955760024       18.6577863060229    156.24332664100803
71     58      0.25           30   0.8400930215442313    135.50505637101014      48.21311109900125    185.63323953101644
72     76      0.25           50   0.8470288384386652    136.24382859200705      88.70925441099098    226.91970576602034
73     76      0.25           70    0.862683625152296    135.48804432799807     129.98319480501232    267.41375156500726
74     67      0.25           90   0.8592461159025402    135.45831392801483      170.1104717499984    307.53998596500605
75     72      0.25          110   0.8670059110439484    135.37559062000946     219.50804937799694    356.85432435100665
76     79      0.25          130   0.8682978769360489    136.21912965300726      275.8047622900049    414.01289000798715
77     75      0.25          150   0.8699498333244002    134.86042245701537     306.94005172801553    443.76741983601823
78     81      0.25          170   0.8598277005487055      136.705468648026      364.5597140530008    503.24949828500394
79     80      0.25          190   0.8696130422156855    136.20675713801757     400.51955018902663     538.7266377710039
80     65      0.25           10   0.7652157983029249    134.72494508698583     20.776188172982074    157.46445270298864
81     64      0.25           30    0.840118620868409    136.35670224699425       57.9381397110119    196.27978312200867
82     79      0.25           50   0.8606092799150102    134.49551692599198     105.13641660899157    241.55693627498113
83     73      0.25           70   0.8636667991965012     136.3657945659943     161.63188310401165     300.0279976789898
84     72      0.25           90   0.8734641405466895    136.49031439301325     206.48611439100932     345.0287013259949
85     66      0.25          110   0.8749761006309433     135.9388847850205     243.41797912100446      381.338965707022
86     13      0.25           10   0.5149253731343284    0.2940919040120207   0.006981135025853291    0.3363970789941959
87     15      0.25           30   0.5671641791044776     0.062300999998115   0.008960074977949262   0.07527211599517614
88     10      0.25           50   0.6417910447761194   0.05652986699715257   0.010911118995863944    0.0713505310122855
89     12      0.25           70   0.6343283582089553   0.07007744401926175   0.021658206009306014   0.09806141300941817
90     10      0.25           90   0.5671641791044776   0.05040355600067414   0.018871334003051743   0.07740593000198714
91      9      0.25          110   0.7238805970149254   0.06872693699551746   0.027150476002134383   0.10765660399920307
92     13      0.25          130   0.5895522388059702   0.05666737299179658   0.027076067024609074    0.0877143009856809
93     10      0.25          150   0.7164179104477612   0.07302041701041162   0.031807452003704384   0.11239767400547862
94     10      0.25          170   0.6865671641791045   0.05086910800309852    0.03430919902166352   0.08911404700484127
95      9      0.25          190   0.8134328358208955  0.056049112987238914    0.03631226302240975   0.09771236698725261
96     15      0.25           10   0.5298507462686567   0.05448472101124935  0.0049219870124943554   0.06592119601555169
97     12      0.25           30   0.7089552238805971    0.0660821569908876  0.0074552500154823065   0.07751769598689862
98     13      0.25           50   0.6567164179104478   0.05039972299709916   0.013554950011894107   0.06796939400373958
99      9      0.25           70   0.7388059701492538  0.054194288997678086   0.014894994994392619    0.0748266760201659
100    10      0.25           90   0.6417910447761194   0.05480290899868123    0.02163077797740698   0.08131688300636597
101    10      0.25          110   0.6343283582089553     0.052479460980976    0.01861429601558484   0.07518057999550365
102    10      0.25          130   0.6940298507462687   0.05429338099202141   0.024005368002690375   0.08260592599981464
103     8      0.25          150   0.6716417910447762   0.04979918399476446    0.03258374100551009   0.08808993099955842
104     9      0.25          170    0.746268656716418   0.05442954500904307    0.03307080498780124   0.09113760400214233
105    10      0.25          190   0.7313432835820896    0.0561771220236551     0.0358297600178048   0.09587465701042674
106    12      0.25           10   0.6343283582089553   0.05090160301188007   0.003502640000078827  0.057821482012514025
107    11      0.25           30   0.6119402985074627   0.06285866399412043   0.007206946989754215   0.07404323000810109
108    10      0.25           50   0.6417910447761194  0.054026389989303425    0.01132943801349029   0.06994869399932213
109    10      0.25           70    0.664179104477612   0.05606088001513854   0.013753075996646658   0.07448271801695228
110    11      0.25           90   0.6940298507462687   0.05925184200168587    0.01917479300755076   0.08620348700787872
111    11      0.25          110   0.7238805970149254   0.05403282298357226   0.025042992987437174   0.08354462499846704
112    11      0.25          130   0.7238805970149254   0.06359173898817971    0.02507650200277567   0.09294182999292389
113    10      0.25          150   0.7238805970149254   0.05419743197853677   0.027640747983241454   0.08669886097777635
114    12      0.25          170   0.7089552238805971   0.05668809998314828   0.035562156001105905   0.09773706897976808
115     9      0.25          190   0.7388059701492538  0.054913963977014646    0.03447049201349728    0.0932695439842064
116    12      0.25           10   0.4925373134328358   0.05631472897948697  0.0037949430115986615    0.0640125909994822
117    11      0.25           30    0.582089552238806  0.056331712985411286   0.007964745978824794   0.06887945899507031
118    12      0.25           50   0.5970149253731343   0.05549674099893309     0.0138301289989613   0.07464596402132884
119    11      0.25           70   0.6492537313432836   0.05450706899864599   0.015015979006420821   0.07397292999667116
120    14      0.25           90   0.7313432835820896   0.05477448698366061    0.02569104899885133    0.0846093199797906
121     9      0.25          110   0.6791044776119403   0.05664152602548711   0.020820295001612976   0.08160752500407398
122    10      0.25          130   0.6417910447761194   0.11373736200039275    0.04530860701925121   0.16856044699670747
123    13      0.25          150    0.753731343283582     0.056806320004398    0.03228690498508513   0.09407274800469168
124    11      0.25          170   0.7313432835820896   0.05828626299626194    0.03437846200540662   0.09660166501998901
125     9      0.25          190   0.7686567164179104   0.05512303300201893     0.0383645539986901   0.09852383402176201
126    11      0.25           10   0.5373134328358209   0.08852488500997424    0.00582781300181523   0.09909781801979989
127    14      0.25           30   0.5298507462686567   0.07426636401214637    0.01100733201019466   0.09126058599213138
128    10      0.25           50   0.6417910447761194  0.061895246006315574   0.011421617993619293    0.0771149409993086
129    10      0.25           70   0.6791044776119403   0.10519676402327605     0.0203705329913646   0.13558789301896468
130    11      0.25           90   0.6791044776119403  0.056061166018480435   0.017682859004708007   0.07961168501060456
131    14      0.25          110   0.7164179104477612    0.0525824349897448   0.028296942997258157   0.09270328498678282
132    10      0.25          130   0.5746268656716418   0.06587677699280903    0.02745564898941666   0.09778090499457903
133     9      0.25          150   0.6940298507462687   0.07728023701929487    0.03599593602120876   0.12048320300527848
134     9      0.25          170   0.7761194029850746   0.07892849398194812    0.03728711901931092   0.12308770898380317
135     9      0.25          190   0.7910447761194029   0.06145138500141911   0.036238566011888906    0.1029420169943478
136    14      0.25           10   0.5447761194029851    0.0545855580130592   0.005127818003529683   0.06387369899312034
137    15      0.25           30   0.6865671641791045   0.05541953499778174   0.009999474015785381   0.06940306100295857
138    10      0.25           50   0.6417910447761194   0.06375000398838893    0.01108796798507683    0.0813926880073268
139    11      0.25           70   0.5970149253731343    0.0657564289867878   0.021966385014820844    0.0959949629905168
140    10      0.25           90   0.6044776119402985   0.05425418302183971    0.02028982198680751   0.07835097500355914
141    13      0.25          110   0.6343283582089553   0.09011952701257542    0.03249592799693346   0.12779191200388595
142    10      0.25          130   0.6268656716417911  0.058632647997001186    0.02872325899079442   0.09156060000532307
143     9      0.25          170    0.753731343283582   0.05261427999357693   0.028860385005827993   0.08513995600515045
144    12      0.25          190   0.7089552238805971  0.053688387997681275   0.038586072012549266   0.09664230997441337
145    13      0.25           10   0.5671641791044776   0.07145162200322375   0.006240440008696169   0.09234717098297551
146    14      0.25           30   0.6940298507462687   0.05538420000812039   0.008301855996251106   0.06753430998651311
147    11      0.25           50    0.664179104477612   0.05657697899732739   0.013350624009035528   0.08003190098679624
148    11      0.25           70   0.6268656716417911   0.05344263298320584   0.014338475011754781   0.07371985699865036
149     8      0.25           90   0.6343283582089553   0.06875168901751749   0.015966081991791725   0.08937805000459775
150    10      0.25          110   0.7388059701492538   0.10233819900895469    0.03472313200472854    0.1434964179934468
151    10      0.25          130   0.7388059701492538   0.05721046100370586    0.02737650999915786   0.08985284299706109
152    11      0.25          150   0.6940298507462687    0.0696731400093995     0.0378384790092241   0.11527405501692556
153    10      0.25          170   0.6567164179104478    0.0554814439965412    0.03765849000774324   0.10176746000070125
154    10      0.25          190   0.7238805970149254   0.05339957302203402     0.0358081640151795    0.0931514720141422
155    11      0.25           10   0.5074626865671642    0.0543040529883001   0.004515412001637742   0.06626885698642582
156    12      0.25           30   0.6119402985074627  0.056821000995114446   0.010284706018865108    0.0713573890097905
157    11      0.25           50   0.6865671641791045  0.060049167019315064    0.01691400201525539    0.0825523060047999
158    10      0.25           70    0.746268656716418   0.05759359599323943   0.016468176007037982   0.07865269199828617
159    10      0.25           90   0.6194029850746269    0.1364385740016587    0.04314100701594725    0.1893377380038146
160    10      0.25          110   0.7313432835820896   0.05132732298807241    0.02507801100728102   0.08061147600528784
161    11      0.25          130   0.6492537313432836  0.054311382002197206    0.02310730199678801   0.08228227999643423
162     9      0.25          150   0.7313432835820896   0.05582632700679824   0.027798933995654806   0.08770539399120025
163     9      0.25          170    0.753731343283582   0.05702264400315471     0.0320133299974259   0.09297512599732727
164    11      0.25          190    0.746268656716418   0.05519003700464964    0.03393576300004497   0.09288485901197419
165    10      0.25           30   0.6492537313432836   0.06099315101164393   0.008187497005565092   0.07494245198904537
166    11      0.25           50   0.6940298507462687   0.12557393801398575   0.026584323990391567   0.16025456102215685
167    13      0.25           70    0.746268656716418   0.16678682799101807   0.039430194010492414   0.21738118899520487
168     9      0.25           90   0.7388059701492538   0.06274579599266872     0.0179319650051184   0.08561797498259693
169     8      0.25          110   0.6268656716417911  0.052825214981567115   0.019140892021823674    0.0768236409930978
170    10      0.25          130   0.7238805970149254   0.05029578800895251   0.025308396987384185   0.07933938401401974
171    10      0.25          150   0.7089552238805971  0.051443138014292344    0.03267580797546543   0.09214479100774042
172    11      0.25          170   0.7388059701492538   0.05994810300762765    0.03474263698444702   0.10042520600836724
173     9      0.25          190   0.7611940298507462  0.052629353012889624    0.03546643801382743   0.09280142100760713
174    14      0.25           10   0.6343283582089553   0.05328992698923685  0.0038531919999513775   0.06061047600815073
175    12      0.25           30   0.5522388059701493   0.05348808100097813   0.007958044006954879   0.06516424898291007
176    14      0.25           50   0.6865671641791045  0.049938365002162755     0.0144647840061225   0.06822303202352487
177    11      0.25           70   0.6716417910447762   0.05308728798991069   0.015411519998451695   0.07330245399498381
178     9      0.25           90    0.664179104477612   0.06817150898859836   0.017897411016747355    0.0912697009916883
179     8      0.25          110   0.6865671641791045   0.05151734800892882    0.02123855400714092   0.08155115798581392
180     9      0.25          130    0.664179104477612   0.11919957600184716    0.04454957999405451   0.18292103099520318
181    10      0.25          150    0.753731343283582   0.05858017798163928    0.02788499998860061    0.0912573550012894
182     9      0.25          170   0.7238805970149254  0.048547348007559776    0.03526087000500411   0.09334126600879245
183     9      0.25          190   0.7761194029850746  0.049326019012369215    0.03863495899713598   0.09218003798741847
184    14      0.25           10   0.4925373134328358  0.050530086999060586  0.0054075839871075004  0.061486541002523154
185    15      0.25           30   0.5074626865671642  0.055121731013059616   0.009277790988562629    0.0686350850155577
186    11      0.25           50   0.7014925373134329   0.05647873299312778   0.011033054994186386   0.07150130398804322
187    11      0.25           70   0.6865671641791045  0.054372669983422384   0.015421661984873936   0.07386888097971678
188    10      0.25           90   0.6716417910447762   0.05506402600440197    0.01760382001521066     0.076543083996512
189    10      0.25          110   0.7089552238805971   0.06717609299812466   0.029674707009689882   0.10855635200277902
190    10      0.25          130   0.6119402985074627   0.05600454899831675   0.025759651995031163   0.08576131798326969
191    10      0.25          150   0.7164179104477612   0.12688249500934035   0.054800909012556076   0.19317054402199574
192     9      0.25          170   0.7014925373134329   0.06532955501461402   0.029617099004099146    0.0992329879954923
193    10      0.25          190   0.7686567164179104  0.056237399025121704    0.03266837299452163   0.09275402201456018
194    15      0.25           10    0.664179104477612   0.06266169602167793   0.004983699007425457   0.07155392202548683
195    10      0.25           30   0.6567164179104478    0.0490509329829365    0.00845237702014856   0.06130589300300926
196    11      0.25           50   0.5746268656716418   0.05469605198595673   0.011051109002437443   0.06959566500154324
197    11      0.25           70   0.7014925373134329   0.04980484500993043   0.016760842001531273   0.07612681202590466
198    12      0.25           90   0.7164179104477612    0.0699402799946256   0.020946464996086434   0.09552711999276653
199    11      0.25          110   0.6791044776119403   0.05421230400679633   0.020467069989535958   0.08199462000629865
200    10      0.25          130   0.6865671641791045    0.0570485680073034   0.027617954008746892   0.08941956498892978
201    12      0.25          150    0.753731343283582  0.053721800999483094    0.03088469200883992   0.08843072500894777
202     8      0.25          170    0.753731343283582   0.05343617801554501    0.03056936600478366    0.0883743530139327
203     9      0.25          190    0.746268656716418  0.056429257994750515   0.033551737025845796   0.09381343697896227
204    15      0.25           10   0.5895522388059702  0.053386750019853935   0.004242716997396201   0.06208170999889262
205    13      0.25           30   0.7388059701492538   0.05352953900001012   0.008738000993616879   0.06635483499849215
206    10      0.25           50   0.6417910447761194   0.05556717698345892   0.009335698006907478   0.06954458699328825
207    10      0.25           70   0.6716417910447762   0.05311938701197505   0.014638802007539198   0.07165162899764255
208    11      0.25           90   0.6940298507462687   0.05307318799896166   0.019817489985143766   0.07707284099888057
209    10      0.25          110    0.753731343283582   0.05374039200250991     0.0222708219953347   0.08219807900604792
210    12      0.25          130   0.6791044776119403   0.05463046100339852    0.02962797597865574   0.08822809002595022
211     9      0.25          150   0.7164179104477612   0.05570162399089895   0.027831927000079304    0.0872187560016755
212     9      0.25          170    0.664179104477612   0.05257656399044208   0.029393694014288485   0.08587913698283955
213     9      0.25          190   0.7761194029850746   0.05341196799417958   0.036907047004206106   0.09639830599189736
214    15      0.25           10   0.6940298507462687   0.05950556599418633   0.004434583010151982   0.06763741798931733
215    14      0.25           30   0.6044776119402985   0.05579729098826647   0.009288523986469954   0.06958866899367422
216    11      0.25           50   0.5970149253731343   0.05236912000691518   0.012358430016320199   0.06872298600501381
217    10      0.25           70   0.6865671641791045  0.059781177988043055    0.01521034599863924   0.07918855297612026
218     9      0.25           90   0.6791044776119403  0.058343394979601726   0.017484709998825565   0.08018130797427148
219     8      0.25          110   0.6492537313432836   0.04865613000583835    0.02035904800868593   0.07256319900625385
220    10      0.25          130   0.6716417910447762   0.05344670501654036   0.021748831000877544   0.07898738299263641
221    11      0.25          150   0.7686567164179104   0.05383601499488577   0.026761273998999968   0.08447930600959808
222    10      0.25          170    0.746268656716418  0.052278985996963456    0.02911435699206777   0.08963186299661174
223     9      0.25          190    0.746268656716418   0.05576723802369088    0.03751994000049308   0.09715732300537638
224    16      0.25           10   0.5597014925373134   0.05470087702269666   0.004748479987028986   0.06378330301959068
225    11      0.25           30    0.582089552238806   0.05345771901193075  0.0069841520162299275   0.06410880701150745
226    11      0.25           50   0.5149253731343284  0.057239132991526276   0.010020421992521733   0.07200366599136032
227    13      0.25           70                  0.5  0.055547180003486574   0.019072900991886854   0.08167465298902243
228     9      0.25           90    0.664179104477612   0.04776732897153124   0.020169400988379493   0.07171650597592816
229    10      0.25          110   0.6343283582089553   0.05327693800791167   0.019842706999043003   0.07777344598434865
230    10      0.25          130   0.7089552238805971    0.0560034160153009   0.026230796007439494    0.0861605440150015
231    10      0.25          150   0.7238805970149254   0.05648334100260399   0.029166889988118783   0.08976965901092626
232    10      0.25          170   0.6791044776119403   0.05207298800814897    0.03343439698801376   0.08925066501251422
233    10      0.25          190   0.6492537313432836  0.053539133979938924   0.040863103000447154   0.09934875500039198
234    14      0.25           10   0.6268656716417911   0.05572187699726783  0.0037267819861881435   0.06283717698534019
235    13      0.25           30   0.5298507462686567   0.05234331902465783   0.009207300987327471   0.06560042200726457
236     9      0.25           50   0.6492537313432836   0.05336994200479239   0.010622088011587039   0.06806761201005429
237    13      0.25           70   0.6865671641791045  0.055149966006865725   0.016680289001669735   0.07705191301647574
238    10      0.25           90   0.7014925373134329   0.05842170098912902    0.01758966498891823   0.08060369797749445
239     8      0.25          110    0.753731343283582   0.05519798400928266   0.021688987995730713   0.08237218201975338
240    10      0.25          130   0.7089552238805971   0.05430518998764455    0.02602316898992285   0.08416957399458624
241    12      0.25          150   0.7388059701492538   0.05477824600529857   0.032029141002567485   0.09112304099835455
242    11      0.25          170   0.7686567164179104  0.059127763990545645   0.031026145996293053   0.09664710899232887
243    10      0.25          190   0.6791044776119403   0.05905702998279594    0.03479467399301939   0.09818405300029553
244    13      0.25           10   0.4701492537313433   0.05520520798745565   0.005102594994241372   0.06424293000600301
245    10      0.25           30   0.6417910447761194   0.05385093600489199   0.007028139982139692   0.06498710298910737
246    11      0.25           50    0.664179104477612   0.05545640998752788   0.011875108000822365   0.07220298997708596
247    11      0.25           70   0.7611940298507462   0.05351692400290631   0.016124376008519903   0.07722201000433415
248    13      0.25           90   0.6791044776119403   0.05720427801134065   0.022149684984469786    0.0837652780173812
249    10      0.25          110   0.7388059701492538    0.0576486469944939   0.018942898022942245   0.08147331501822919
250    10      0.25          130   0.6865671641791045  0.049802195018855855    0.02757182199275121   0.08106469400809146
251     9      0.25          150   0.7910447761194029   0.04957536800066009    0.02848853898467496   0.08811919201980345
252     9      0.25          170   0.6940298507462687   0.05370901100104675    0.03280803599045612   0.09086981698055752
253     9      0.25          190   0.7686567164179104   0.05689902001176961     0.0368755700183101   0.09870765398954973
254    14      0.25           10   0.6940298507462687   0.05644752600346692   0.005071757972473279   0.06837663799524307
255    12      0.25           30   0.6268656716417911  0.054554792994167656   0.008546914003090933    0.0674166230019182
256    10      0.25           50   0.6343283582089553  0.055142911995062605   0.009533609001664445   0.06845863698981702
257    10      0.25           70    0.582089552238806   0.05444039998110384   0.013904324994655326   0.07238303398480639
258    11      0.25           90   0.6492537313432836  0.053678426978876814   0.017831794975791126   0.07625056899269111
259    12      0.25          110   0.6567164179104478   0.05257590801920742   0.025731711997650564   0.08547577599529177
260    10      0.25          130   0.8059701492537313  0.054680995002854615   0.024509757000487298   0.08404020499438047
261     9      0.25          150   0.6865671641791045    0.0542030019860249   0.029488267988199368   0.08865993900690228
262    10      0.25          170   0.7089552238805971   0.05415636897669174    0.03428560501197353   0.09313114298856817
263     9      0.25          190    0.746268656716418   0.05198878300143406    0.03521745200851001   0.09115718601970002
264    11      0.25           10   0.5746268656716418   0.04974139601108618   0.005517084995517507   0.06519997501163743
265    12      0.25           30   0.6194029850746269  0.054417865991126746   0.007410813006572425   0.06885256301029585
266    10      0.25           50   0.6716417910447762   0.05637782599660568   0.010840622999239713   0.07158295199042186
267    12      0.25           70   0.6194029850746269   0.05413230898557231    0.01555128299514763   0.07439208301366307
268     9      0.25           90   0.6268656716417911  0.055458665010519326   0.016109900985611603   0.07845527899917215
269    12      0.25          110   0.6492537313432836   0.05497503999504261    0.02437909200671129    0.0840375229890924
270    10      0.25          130   0.7388059701492538   0.05733904099906795   0.025458590971538797   0.08666489299503155
271     9      0.25          150   0.7089552238805971  0.055388561013387516    0.02604576401063241   0.08597043200279586
272     9      0.25          170   0.7089552238805971  0.053607285022735596   0.031750902999192476    0.0894835100043565
273     9      0.25          190   0.7164179104477612  0.054477616999065503    0.03820464599994011     0.096785344008822
274    12      0.25           10   0.5746268656716418   0.05620298400754109   0.004447874991456047   0.06529457500437275
275    14      0.25           30   0.6940298507462687   0.05633919397951104    0.00866871199104935    0.0690648159943521
276    11      0.25           50   0.6940298507462687   0.05185808500391431   0.010060442000394687   0.06726938599604182
277    10      0.25           70    0.746268656716418   0.06197689799591899    0.01664406602503732   0.08428799599641934
278     8      0.25           90   0.7686567164179104   0.06086663602036424   0.016726272995583713   0.08164872400811873
279     9      0.25          110    0.746268656716418   0.05231471100705676   0.021753359003923833   0.07849105302011594
280     9      0.25          130   0.7089552238805971  0.054664635012159124   0.025418003991944715    0.0842314740002621
281     9      0.25          150   0.7313432835820896   0.05595680102123879   0.028131003986345604    0.0878577760013286
282     9      0.25          170   0.7686567164179104   0.05629412399139255   0.028139543981524184   0.08962644098210149
283    10      0.25          190   0.7089552238805971   0.06280192799749784    0.03688156101270579   0.10421700097504072
284    13      0.25           10   0.6791044776119403  0.055141332995845005    0.00512884501949884   0.06610654399264604
285    13      0.25           30   0.7164179104477612   0.05433008700492792   0.008082764019491151   0.06605484298779629
286    11      0.25           50   0.6492537313432836  0.050967811985174194   0.011890177003806457   0.06704470998374745
287    11      0.25           70   0.6119402985074627   0.05906923799193464   0.014994188997661695   0.07972078898455948
288    11      0.25           90   0.7611940298507462  0.056440496002323925   0.025380913022672758   0.08593404199928045
289     9      0.25          110   0.7014925373134329  0.048068218980915844    0.02287049900041893   0.07447097299154848
290    11      0.25          130   0.7164179104477612   0.05278250700212084   0.024615389993414283   0.08110692698392086
291    14      0.25          150   0.6940298507462687   0.05353480999474414    0.03352728599566035   0.09116747000371106
292    10      0.25          170   0.7014925373134329   0.05358987799263559    0.03073258700896986   0.08949063500040211
293     9      0.25          190    0.746268656716418  0.053909778012894094   0.037975409999489784   0.09670671500498429
294    14      0.25           10   0.6044776119402985   0.05355260701617226   0.004054488992551342   0.06186886900104582
295    12      0.25           30    0.582089552238806  0.055740395007887855   0.007196932012448087    0.0672855949960649
296    11      0.25           50   0.7014925373134329  0.054268111009150743   0.010150098998565227   0.06883234300767072
297    13      0.25           70   0.7014925373134329    0.0513426240067929   0.017189356993185356   0.07488555798772722
298    11      0.25           90   0.6417910447761194    0.0508972909883596    0.02301034302217886   0.08152188299573027
299    11      0.25          110   0.6417910447761194  0.059903841000050306    0.01900272798957303   0.08467041101539508
300    10      0.25          130    0.664179104477612   0.05627724502119236   0.027327955001965165   0.08795724000083283
301     9      0.25          150   0.7686567164179104   0.05739216000074521   0.030530853022355586   0.09495497599709779
302    10      0.25          170   0.7686567164179104   0.05337733399937861      0.033333527011564    0.0903888719913084
303    10      0.25          190   0.7313432835820896   0.05169239698443562    0.04032814400852658   0.10387387700029649
304    21      0.25           10   0.6268656716417911   0.05606786999851465   0.004747552011394873   0.06502790498780087
305    11      0.25           30   0.6343283582089553   0.05418988299788907   0.007882325007813051   0.06644306099042296
306    11      0.25           50   0.6716417910447762  0.053119532007258385    0.01085029199020937    0.0681678930122871
307     9      0.25           70   0.5895522388059702   0.05572429101448506   0.012831269996240735   0.07291095200343989
308     9      0.25           90   0.7238805970149254   0.05435870500514284   0.019131175009533763   0.07991901700734161
309    13      0.25          110   0.7014925373134329  0.056843183003365993    0.02684212298481725   0.08852078000199981
310    13      0.25          130   0.7089552238805971  0.058416087995283306   0.030895274016074836   0.09346655200351961
311     9      0.25          150    0.753731343283582    0.0541416339983698    0.02786535199265927   0.08589118800591677
312     9      0.25          170   0.7985074626865671  0.054255579016171396   0.030515544989611953   0.09098661199095659
313     9      0.25          190   0.7761194029850746  0.053820845001609996   0.033450749004259706   0.09208083001431078
314    14      0.25           10   0.5522388059701493  0.056387440010439605   0.004385819018352777   0.06487528799334541
315    14      0.25           30   0.5746268656716418   0.05427001800853759    0.00857912001083605   0.06855575699592009
316    11      0.25           50   0.6343283582089553   0.04803987400373444   0.017607718997169286   0.06997871899511665
317    11      0.25           70   0.6492537313432836   0.06660504100727849   0.014883004012517631   0.08643900699098594
318    11      0.25           90   0.7388059701492538   0.05347706499742344    0.01812444400275126   0.07818283498636447
319     9      0.25          110    0.582089552238806  0.049649300024611875   0.022431805991800502   0.07611259902478196
320    11      0.25          130   0.6865671641791045  0.051450892991852015   0.027049644995713606   0.08292744398931973
321    10      0.25          150   0.7388059701492538   0.04818705402431078   0.032102706987643614     0.088934165018145
322     8      0.25          170   0.7910447761194029    0.0568300650047604    0.03315537399612367   0.09394229599274695
323     9      0.25          190   0.7686567164179104  0.059038872976088896    0.03584709099959582    0.1002667709835805
324    16      0.25           10   0.5298507462686567   0.05435867398045957    0.00506562102236785   0.06506560399429873
325    13      0.25           30   0.6492537313432836   0.05443038098746911   0.011536309000803158   0.07467815798008814
326    13      0.25           50   0.6567164179104478   0.05273791999206878   0.013310576003277674   0.07317160099046305
327     9      0.25           70   0.6865671641791045     0.121378325013211    0.02444116899278015    0.1588062170194462
328    12      0.25           90    0.746268656716418   0.05636706901714206   0.022030393010936677   0.08223121002083644
329    10      0.25          110   0.7238805970149254   0.05353406598442234    0.02089399899705313   0.07900281698675826
330    11      0.25          130   0.6791044776119403   0.05280238299746998    0.02241237400448881   0.07910390797769651
331    10      0.25          150   0.6417910447761194   0.05200767799396999    0.02967086198623292   0.08614332298748195
332    11      0.25          170   0.6865671641791045   0.06212277399026789   0.036782841983949766   0.10454128598212264
333     9      0.25          190   0.7238805970149254   0.05498124097357504   0.036025356996105984    0.0961279769835528
334    12      0.25           10   0.5074626865671642  0.062209972995333374   0.004199285991489887   0.07091250098892488
335    12      0.25           30   0.6044776119402985   0.05237486297846772   0.007784392975736409   0.06380060198716819
336    10      0.25           50   0.6567164179104478   0.05598424599156715    0.01264535600785166   0.07470789799117483
337    10      0.25           70   0.6940298507462687   0.04920402599964291   0.014914502011379227   0.06785976301762275
338    11      0.25           90   0.6716417910447762   0.12106106799910776    0.03335162598523311   0.16558664900367148
339    10      0.25          110   0.7164179104477612   0.05325624797842465   0.022415004001231864   0.08030298000085168
340    10      0.25          130   0.6791044776119403   0.05756118401768617    0.02706496897735633   0.09083960199495777
341     9      0.25          150   0.6940298507462687   0.05302041699178517    0.02871767702163197   0.08566612098366022
342    10      0.25          170   0.7835820895522388   0.05436816901783459   0.030173553008353338   0.08999192802002653
343    10      0.25          190   0.7761194029850746  0.055872548022307456   0.033987956994678825   0.09395433601457626
344    14      0.25           10   0.5671641791044776   0.05102530599106103   0.004431353998370469  0.059399802004918456
345    10      0.25           30   0.5895522388059702    0.0531290210201405   0.007844280014978722   0.06515234301332384
346    13      0.25           50    0.664179104477612   0.05794010800309479    0.01082429799134843   0.07285680298809893
347     9      0.25           70   0.7089552238805971  0.053094409027835354   0.013924639002652839   0.07292212202446535
348    10      0.25           90   0.6791044776119403   0.04975193299469538   0.019107230997178704   0.07299943501129746
349    10      0.25          110   0.6417910447761194  0.051748836995102465    0.01812128198798746   0.07461281301220879
350    11      0.25          130   0.6791044776119403  0.048523168021347374     0.0258578960201703   0.07800914501422085
351     9      0.25          150   0.7164179104477612   0.05061322799883783   0.024655840010382235   0.08191699301823974
352    10      0.25          170   0.7164179104477612   0.05833632199210115    0.03253995202248916   0.09573885300778784
353     9      0.25          190   0.7238805970149254   0.05252497299807146   0.035604528995463625   0.09257802402134985
354    12      0.25           10  0.48507462686567165  0.050513005000539124    0.00359844698687084   0.05784568301169202
355    12      0.25           30  0.47761194029850745   0.05233022797619924   0.008020463021239266   0.06577627698425204
356    10      0.25           50   0.7089552238805971   0.04906742900493555   0.011798899009590968    0.0649244470114354
357     9      0.25           70   0.7014925373134329   0.05184497599839233    0.01263025400112383   0.06888584699481726
358     9      0.25           90   0.6865671641791045   0.04806690401164815   0.016719835984986275   0.06859845199505799
359    11      0.25          110   0.7164179104477612   0.04979121300857514    0.02560921700205654    0.0816855070006568
360    10      0.25          130   0.6716417910447762   0.04808157301158644    0.02670088000013493   0.07830831600585952
361     9      0.25          150   0.7238805970149254  0.053182641975581646   0.029880048998165876   0.08698370898491703
362     9      0.25          170   0.7761194029850746   0.04868571800761856    0.03077762501197867   0.08312587300315499
363     9      0.25          190   0.7910447761194029   0.05066672299290076   0.038110210007289425   0.09312416400643997
364    15      0.25           10   0.5746268656716418   0.05162040502182208   0.004627877002349123   0.06137892001424916
365    15      0.25           30   0.6417910447761194   0.05319227499421686   0.010186192987021059   0.06856838800013065
366    11      0.25           50   0.6343283582089553   0.06399563900777139    0.01200516999233514    0.0804272840032354
367    11      0.25           70   0.6791044776119403   0.06775807298254222    0.03362468900741078   0.11021516198525205
368    13      0.25           90   0.6343283582089553    0.0527545579825528     0.0235741040087305   0.08080560699454509
369    12      0.25          110   0.6567164179104478   0.05175302497809753    0.02298950299154967   0.07939487698604353
370    10      0.25          130   0.7388059701492538  0.052073069993639365   0.022788506001234055   0.07860265101771802
371     9      0.25          150   0.6567164179104478  0.055685378989437595   0.026084750978043303   0.08731661399360746
372     9      0.25          170   0.7835820895522388  0.056140755012165755   0.029511089000152424   0.09039612402557395
373     9      0.25          190   0.7089552238805971   0.04964467100217007    0.03374483197694644   0.08698369099874981
374    11      0.25           10    0.582089552238806  0.053213398990919814   0.004565670009469613   0.06229583499953151
375     9      0.25           30   0.6865671641791045   0.05346644500968978   0.008825722994515672   0.06730145000619814
376    12      0.25           50   0.6343283582089553   0.05370883599971421    0.01119911897694692   0.06896668102126569
377    11      0.25           70   0.6567164179104478   0.05248612101422623   0.013560125982621685   0.06976671499432996
378    10      0.25           90   0.6865671641791045  0.052389253018191084   0.014517010014969856   0.07100605001323856
379    11      0.25          110   0.7238805970149254  0.053504299983615056   0.024088233010843396   0.08290263699018396
380    10      0.25          130   0.7089552238805971   0.05391292198328301   0.026667924015782773   0.08509119797963649
381    11      0.25          150   0.6417910447761194   0.04925374299637042   0.030153409985359758   0.08317891901242547
382     9      0.25          170   0.7238805970149254   0.06308649902348407    0.03616108201094903     0.111964475014247
383     9      0.25          190   0.7686567164179104   0.05226105701876804   0.031570966995786875   0.08766618600930087
384    13      0.25           10   0.5522388059701493   0.05126888700760901   0.004966503998730332   0.06030206798459403
385    13      0.25           30   0.6044776119402985    0.0483686389925424   0.008349718002136797    0.0613147999974899
386    14      0.25           50   0.5447761194029851   0.04943160500261001    0.01054134001606144   0.06403687398415059
387     9      0.25           70   0.6567164179104478   0.04839299697778188   0.016139742016093805   0.06869783499860205
388    12      0.25           90   0.7089552238805971  0.051285188004840165    0.01975831200252287   0.07515999098541215
389     8      0.25          110   0.7014925373134329   0.05631352600175887   0.021977404016070068   0.08570726399193518
390    10      0.25          130    0.753731343283582   0.05382050800835714   0.025244609016226605   0.08326387399574742
391    11      0.25          150   0.7238805970149254  0.051813185011269525    0.03259520899155177   0.08869228500407189
392    12      0.25          170   0.7238805970149254   0.05448044597869739    0.03609297098591924   0.09567842999240384
393     9      0.25          190   0.7164179104477612  0.055757161986548454    0.03661572199780494   0.09678833797806874
394    11      0.25           10  0.44776119402985076   0.05362057499587536   0.004224689007969573   0.06199846701929346
395    10      0.25           30   0.6343283582089553  0.052584780991310254     0.0081600220000837   0.06581518898019567
396    11      0.25           50   0.6716417910447762  0.053581075015245005    0.01190157001838088   0.07006632600678131
397     9      0.25           70   0.7089552238805971  0.051363581005716696   0.013716975023271516    0.0702831530070398
398    12      0.25           90    0.582089552238806   0.05269791299360804    0.01696838700445369   0.07399511800031178
399     8      0.25          110   0.7089552238805971  0.053208172001177445    0.02075629201135598   0.07858704900718294
400     9      0.25          130    0.664179104477612   0.05364219000330195    0.02277693001087755   0.08100669900886714
401    13      0.25          150   0.7164179104477612   0.05234646500321105    0.03035921198897995    0.0879546360229142
402    10      0.25          170   0.6044776119402985   0.06131840401212685    0.03512152799521573   0.10076478999690153
403    10      0.25          190   0.7761194029850746   0.05013998402864672    0.03422982798656449   0.08874105202266946
404    15      0.25           10    0.582089552238806   0.05498518800595775  0.0048641499888617545   0.06435048801358789
405    12      0.25           30   0.5671641791044776  0.052240303019061685   0.008148178982082754   0.06385425000917166
406    12      0.25           50   0.7164179104477612   0.05270314498920925    0.01117284400970675   0.06776858298690058
407     9      0.25           70   0.6044776119402985   0.05119521199958399   0.013313186005689204   0.06983071999275126
408     8      0.25           90   0.5298507462686567   0.05397719901520759   0.016983998008072376   0.07547143500414677
409    14      0.25          110   0.6791044776119403    0.0536405130114872    0.02968655899167061    0.0871952710149344
410     7      0.25          130   0.6268656716417911  0.054346670978702605   0.020787370012840256   0.08031219299300574
411    10      0.25          150   0.6716417910447762   0.05616799299605191   0.030915798008209094   0.09074333100579679
412    10      0.25          170   0.7388059701492538   0.05001121500390582   0.031183108018012717   0.08560075401328504
413     9      0.25          190   0.7910447761194029   0.05458896598429419   0.041549017012584955   0.10358332400210202
414    16      0.25           10   0.5671641791044776   0.06753753300290555  0.0037717579980380833   0.07512285598204471
415    13      0.25           30   0.5597014925373134   0.05141748097958043   0.011261097999522462    0.0692842379794456
416    15      0.25           50   0.7611940298507462  0.052169852977385744   0.011767574993427843    0.0680747399746906
417     9      0.25           70   0.6865671641791045   0.04813838898553513   0.014243456011172384   0.06667730398476124
418    12      0.25           90   0.7164179104477612   0.04908594200969674    0.01843231200473383   0.07106519001536071
419    11      0.25          110   0.6268656716417911   0.06030194801860489   0.025482450000708923   0.09242520501720719
420    11      0.25          130   0.6567164179104478  0.051472646999172866   0.027283241011900827   0.08505086399964057
421     8      0.25          150   0.6716417910447762   0.05442627801676281    0.02461091900477186   0.08502391702495515
422    10      0.25          170   0.6417910447761194   0.05105009497492574    0.03350995099754073   0.08927135798148811
423     9      0.25          190   0.6716417910447762    0.0583716569817625    0.03514816999086179   0.09883386598085053
424    15      0.25           10   0.5298507462686567   0.06181054899934679   0.011815347999799997   0.08924172699335031
425    12      0.25           30   0.7313432835820896   0.08138165998389013   0.010990670998580754   0.09893782698782161
426    14      0.25           50   0.7164179104477612   0.05911457701586187   0.013656055001774803   0.07686911401106045
427     9      0.25           70   0.7089552238805971   0.06895740798790939   0.013411624007858336    0.0863122779992409
428     9      0.25           90   0.7089552238805971   0.09033256099792197     0.0197239060071297   0.11529009300284088
429     9      0.25          110   0.7761194029850746   0.10031101398635656   0.028697211993858218   0.13443220499902964
430    10      0.25          130   0.7761194029850746   0.08627380800317042   0.032340379984816536   0.12852262301021256
431     9      0.25          150   0.6716417910447762   0.06056729098781943    0.02700124101829715      0.09145081799943
432     9      0.25          170   0.7910447761194029   0.08471757202642038    0.03262985098990612   0.12478938401909545
433     9      0.25          190   0.7313432835820896   0.05230240401579067    0.03311618199222721    0.0897715270111803
434    15      0.25           10   0.5895522388059702   0.05061712700990029   0.004080913990037516   0.05830277400673367
435    17      0.25           30    0.582089552238806   0.08928308601025492   0.014293350017396733   0.10838277300354093
436    12      0.25           50   0.5970149253731343   0.05772360798437148    0.01463801201316528   0.07857950098696165
437     9      0.25           70   0.6194029850746269   0.05540834000566974   0.014222803001757711   0.07377472799271345
438    11      0.25           90   0.7164179104477612  0.052889465005137026    0.01708691200474277   0.07381304001319222
439     9      0.25          170   0.7164179104477612   0.04752190600265749   0.030934381997212768   0.08186031298828311
440     9      0.25          190    0.753731343283582   0.06576584800495766    0.03911859399522655   0.10943902799044736
441    18      0.25           10   0.5074626865671642   0.06304804197861813    0.00480653700651601   0.07374097398133017
442     2      0.25           10   0.5074626865671642  0.055810209014452994  0.0029459540091920644   0.06368911001482047
443     2      0.25           30   0.3656716417910448   0.07043382700067014   0.002182877011364326    0.0768656219879631
444     2      0.25           50   0.4253731343283582   0.05586701398715377  0.0017735289875417948   0.06187165199662559
445     2      0.25           70  0.44776119402985076   0.05570291698677465  0.0022946629906073213   0.06230376398889348
446     1      0.25           90   0.4253731343283582   0.04996664801728912  0.0016953020240180194     0.055193620006321
447     2      0.25          110                  0.5  0.053241711982991546    0.00196392901125364  0.058922683994751424
448     2      0.25          130   0.4925373134328358  0.048400553001556545   0.001730510004563257   0.05349950701929629
449     1      0.25          150   0.4253731343283582  0.051223032001871616  0.0018652800063136965  0.057650088012451306
450     1      0.25          170   0.4253731343283582   0.08381637901766226   0.002856948005501181   0.09381502200267278
451     1      0.25          190   0.4253731343283582   0.05059385398635641  0.0021012770012021065   0.05798889198922552
452     4      0.25           10  0.43283582089552236  0.052874554006848484   0.001930736005306244   0.05861048601218499
453     2      0.25           30   0.5597014925373134   0.05565312801627442   0.002030878997175023  0.061618269013706595
454     3      0.25           50    0.664179104477612  0.051293056982103735   0.002431328990496695   0.05875365898828022
455     2      0.25           70   0.6492537313432836   0.05129902399494313  0.0019205900025554001  0.056831319991033524
456     2      0.25           90   0.6716417910447762   0.04839997997623868  0.0019710859924089164   0.05420235899509862
457     2      0.25          110   0.6492537313432836   0.04952188901370391  0.0021487500052899122   0.05561789599596523
458     2      0.25          130   0.6716417910447762  0.055759645998477936   0.005525921005755663   0.06613459400250576
459     2      0.25          150   0.5746268656716418   0.04698255000403151  0.0018196000019088387   0.05215647802106105
460     2      0.25          170   0.6716417910447762   0.05180245399242267   0.001969380973605439  0.057498762995237485
461     2      0.25          190   0.4925373134328358   0.04965833498863503   0.002112215996021405   0.05520704298396595
462     7      0.25           10                  0.5  0.051368132000789046  0.0019773929961957037  0.058052495995070785
463     4      0.25           30   0.6492537313432836  0.048213058995315805  0.0021171300031710416  0.053622172999894246
464     4      0.25           50   0.5447761194029851   0.05080887200892903  0.0023026459966786206   0.05761121999239549
465     3      0.25           70   0.4925373134328358   0.05219617098919116    0.00204970600316301   0.05786472698673606
466     3      0.25           90   0.5447761194029851    0.0696498769975733  0.0032238169806078076    0.0792629339848645
467     3      0.25          110   0.5970149253731343   0.07253323498298414  0.0022275329974945635   0.07876464998116717
468     3      0.25          130  0.48507462686567165   0.07977832100004889   0.007084053999278694    0.0942598590045236
469     3      0.25          150   0.5746268656716418  0.048490952991414815  0.0022200509847607464   0.05544718401506543
470     3      0.25          170    0.582089552238806   0.05264393100515008    0.00275035499362275   0.06052328899386339
471     3      0.25          190   0.5895522388059702    0.1142135149857495     0.0106751230196096    0.1313966019952204
472     4      0.25           10   0.5373134328358209   0.11345657799392939   0.002629788010381162   0.12087211801554076
473     3      0.25           30   0.5373134328358209    0.0639799099881202   0.004196030989987776   0.07248268599505536
474     4      0.25           50  0.47761194029850745   0.06040552299236879   0.004020467022201046   0.07092861898127012
475     4      0.25           70   0.5970149253731343   0.05741633102297783   0.002573502977611497   0.06442264100769535
476     3      0.25           90   0.5970149253731343   0.06804086899501272   0.003479792008874938   0.07858042497537099
477     3      0.25          110    0.582089552238806   0.06953290000092238  0.0038739140145480633   0.07956200299668126
478     4      0.25          130   0.5970149253731343  0.052740518003702164  0.0037882500037085265   0.06096864299615845
479     3      0.25          150   0.6194029850746269   0.05544166098115966   0.002756527013843879   0.06225282998639159
480     3      0.25          170   0.5447761194029851   0.05122087700874545    0.00493651200667955   0.06430174500565045
481     3      0.25          190   0.5447761194029851   0.08879285299917683    0.00392834100057371   0.09917666797991842
